Time: 2017/07/18 13:46
Range: 250VDC
Sample rate: 60
Remark: +40.07195663, -89.04401398

     -1.6256 1 0 0
    -1.62289 1 0 0
    -1.62318 1 0 0
    -1.62408 1 0 0
    -1.62134 1 0 0
    -1.62283 1 0 0
    -1.62479 1 0 0
    -1.62184 1 0 0
    -1.62253 1 0 0
    -1.62467 1 0 1
    -1.61931 1 0 0
    -1.62256 1 0 0
    -1.62303 1 0 0
    -1.61979 1 0 0
    -1.62184 1 0 0
    -1.62247 1 0 0
    -1.62011 1 0 0
     -1.6205 1 0 0
    -1.62104 1 0 0
    -1.61791 1 0 0
    -1.61937 1 0 0
     -1.6205 1 0 0
    -1.61633 1 0 0
    -1.61722 1 0 0
    -1.61844 1 0 0
    -1.61582 1 0 0
    -1.61791 1 0 0
    -1.61949 1 0 0
    -1.61463 1 0 0
    -1.61731 1 0 0
    -1.61898 1 0 0
    -1.61633 1 0 0
    -1.61865 1 0 0
    -1.61633 1 0 0
    -1.61427 1 0 0
    -1.61856 1 0 0
    -1.61669 1 0 0
    -1.61448 1 0 0
    -1.61707 1 0 0
    -1.61681 1 0 0
    -1.61514 1 0 0
     -1.6174 1 0 0
     -1.6166 1 0 0
    -1.61454 1 0 0
    -1.61752 1 0 0
    -1.61633 1 0 0
    -1.61597 1 0 0
    -1.61865 1 0 0
    -1.61734 1 0 0
    -1.61463 1 0 0
    -1.61883 1 0 0
    -1.61859 1 0 0
    -1.61451 1 0 0
    -1.61827 1 0 0
    -1.61862 1 0 0
    -1.61701 1 0 0
    -1.61898 1 0 0
    -1.61847 1 0 0
    -1.61648 1 0 0
    -1.61713 1 0 0
    -1.61946 1 0 0
    -1.61731 1 0 0
    -1.61874 1 0 0
    -1.61877 1 0 0
    -1.61636 1 0 0
    -1.61892 1 0 0
    -1.62026 1 0 0
    -1.61725 1 0 0
     -1.6174 1 0 1
    -1.61946 1 0 0
    -1.61695 1 0 0
    -1.61919 1 0 0
    -1.62008 1 0 0
    -1.61693 1 0 0
    -1.61892 1 0 0
    -1.62041 1 0 0
    -1.61779 1 0 0
    -1.61904 1 0 0
    -1.62128 1 0 0
    -1.61761 1 0 0
    -1.62044 1 0 0
    -1.62256 1 0 0
    -1.61847 1 0 0
    -1.62089 1 0 0
    -1.62014 1 0 0
    -1.61931 1 0 0
    -1.62137 1 0 0
    -1.62148 1 0 0
    -1.61976 1 0 0
     -1.6211 1 0 0
    -1.62229 1 0 0
    -1.61979 1 0 0
    -1.62017 1 0 0
    -1.62271 1 0 0
    -1.62038 1 0 0
    -1.62223 1 0 0
    -1.62277 1 0 0
    -1.61991 1 0 0
    -1.62259 1 0 0
    -1.62187 1 0 0
    -1.62038 1 0 0
     -1.6219 1 0 0
    -1.62295 1 0 0
    -1.62119 1 0 0
    -1.62181 1 0 0
    -1.62384 1 0 0
    -1.62077 1 0 0
    -1.62265 1 0 0
    -1.62515 1 0 0
    -1.62008 1 0 0
      -1.623 1 0 0
     -1.6242 1 0 0
     -1.6211 1 0 0
    -1.62411 1 0 0
    -1.62402 1 0 0
    -1.62223 1 0 0
    -1.62411 1 0 0
    -1.62455 1 0 0
    -1.62327 1 0 0
    -1.62429 1 0 0
    -1.62441 1 0 0
    -1.62238 1 0 0
    -1.62375 1 0 0
    -1.62476 1 0 0
    -1.62205 1 0 0
    -1.62402 1 0 0
    -1.62545 1 0 0
    -1.62229 1 0 0
    -1.62467 1 0 1
    -1.62587 1 0 0
    -1.62244 1 0 0
    -1.62554 1 0 0
    -1.62521 1 0 0
    -1.62342 1 0 0
    -1.62429 1 0 0
    -1.62488 1 0 0
    -1.62348 1 0 0
    -1.62408 1 0 0
    -1.62521 1 0 0
    -1.62297 1 0 0
    -1.62506 1 0 0
    -1.62712 1 0 0
    -1.62286 1 0 0
    -1.62491 1 0 0
    -1.62759 1 0 0
      -1.623 1 0 0
    -1.62604 1 0 0
    -1.62679 1 0 0
    -1.62375 1 0 0
    -1.62533 1 0 0
     -1.6264 1 0 0
    -1.62372 1 0 0
    -1.62625 1 0 0
    -1.62759 1 0 0
     -1.6247 1 0 0
    -1.62533 1 0 0
    -1.62691 1 0 0
    -1.62578 1 0 0
    -1.62461 1 0 0
    -1.62607 1 0 0
    -1.62604 1 0 0
    -1.62539 1 0 0
    -1.62631 1 0 0
    -1.62765 1 0 0
    -1.62569 1 0 0
     -1.6253 1 0 0
    -1.62745 1 0 0
    -1.62542 1 0 0
    -1.62679 1 0 0
    -1.62858 1 0 0
    -1.62578 1 0 0
    -1.62786 1 0 0
    -1.62724 1 0 0
    -1.62613 1 0 0
    -1.62607 1 0 0
    -1.62813 1 0 0
    -1.62625 1 0 0
    -1.62706 1 0 0
    -1.62718 1 0 0
    -1.62488 1 0 0
    -1.62598 1 1 0
    -1.62902 1 0 0
    -1.62506 1 0 0
    -1.62733 1 0 0
    -1.62923 1 0 0
    -1.62461 1 0 0
    -1.62795 1 0 0
    -1.62816 1 0 0
    -1.62691 0 0 1
    -1.57598 0 0 0
    -1.13562 0 0 0
    -1.44601 0 0 0
    -1.48425 0 0 0
    -1.49468 0 0 0
    -1.48714 0 0 0
    -1.49462 0 0 0
    -1.49119 0 0 0
    -1.48571 0 0 0
    -1.48186 0 0 0
    -1.47879 0 0 0
    -1.47191 0 0 0
    -1.47101 0 0 0
    -1.46854 0 0 0
    -1.46088 0 0 0
    -1.46076 0 0 0
    -1.45689 0 0 0
    -1.45334 0 0 0
    -1.45164 0 0 0
    -1.44845 0 0 0
    -1.44351 0 0 0
    -1.44386 0 0 0
    -1.44175 0 0 0
    -1.43668 0 0 0
    -1.43591 0 0 0
    -1.43456 0 0 0
    -1.43054 0 0 0
    -1.43018 0 0 0
    -1.42992 0 0 0
    -1.42491 0 0 0
     -1.4241 0 0 0
    -1.42309 0 0 0
    -1.41868 0 0 0
     -1.4202 0 0 0
    -1.42783 0 0 0
    -1.40649 0 0 0
    -1.41644 0 0 0
    -1.41281 0 0 0
    -1.41147 0 0 0
    -1.41051 0 0 0
    -1.41016 0 0 0
    -1.40586 0 0 0
    -1.40706 0 0 0
    -1.40655 0 0 0
     -1.4016 0 0 0
    -1.40268 0 0 0
    -1.40208 0 0 0
     -1.3988 0 0 0
     -1.3999 0 0 0
    -1.39809 0 0 0
    -1.39454 0 0 0
    -1.39543 0 0 0
     -1.3954 0 0 0
    -1.39186 0 0 0
    -1.39302 0 0 0
    -1.39174 0 0 0
    -1.38777 0 0 0
    -1.38864 0 0 0
    -1.38849 0 0 0
    -1.38506 0 0 1
    -1.38554 0 0 0
    -1.38417 0 0 0
    -1.38181 0 0 0
    -1.38316 0 0 0
     -1.3833 0 0 0
    -1.37883 0 0 0
     -1.3797 0 0 0
    -1.37931 0 0 0
    -1.37588 0 0 0
     -1.3763 0 0 0
    -1.37421 0 0 0
    -1.37323 0 0 0
    -1.37264 0 0 0
    -1.37183 0 0 0
    -1.37085 0 0 0
    -1.37025 0 0 0
    -1.36876 0 0 0
    -1.36909 0 0 0
    -1.36787 0 0 0
    -1.36688 0 0 0
    -1.36551 0 0 0
    -1.36563 0 0 0
    -1.36361 0 0 0
    -1.36304 0 0 0
     -1.3634 0 0 0
     -1.3614 0 0 0
    -1.36107 0 0 0
     -1.3608 0 0 0
    -1.36045 0 0 0
    -1.35967 0 0 0
      -1.358 0 0 0
     -1.3575 0 0 0
    -1.35818 0 0 0
    -1.35747 0 0 0
    -1.35517 0 0 0
    -1.35678 0 0 0
    -1.35532 0 0 0
    -1.35475 0 0 0
    -1.35508 0 0 0
    -1.35449 0 0 0
    -1.35216 0 0 0
     -1.3535 0 0 0
    -1.35157 0 0 0
    -1.35186 0 0 0
    -1.35165 0 0 0
    -1.35034 0 0 0
    -1.35052 0 0 0
    -1.35094 0 0 0
    -1.34975 0 0 0
    -1.34948 0 0 0
    -1.35022 0 0 0
     -1.3473 0 0 0
    -1.34867 0 0 0
    -1.34909 0 0 0
    -1.34742 0 0 0
    -1.34677 0 0 0
    -1.34721 0 0 0
    -1.34557 0 0 0
    -1.34546 0 0 0
    -1.34757 0 0 1
    -1.34432 0 0 0
    -1.34394 0 0 0
    -1.34775 0 0 0
    -1.34367 0 0 0
     -1.3442 0 0 0
    -1.34438 0 0 0
    -1.34325 0 0 0
    -1.34313 0 0 0
    -1.34489 0 0 0
    -1.34146 0 0 0
    -1.34143 0 0 0
     -1.3428 0 0 0
    -1.34143 0 0 0
    -1.34143 0 0 0
    -1.34319 0 0 0
    -1.34003 0 0 0
    -1.34087 0 0 0
    -1.34254 0 0 0
    -1.34009 0 0 0
    -1.33884 0 0 0
    -1.34036 0 0 0
     -1.3378 0 0 0
     -1.3386 0 0 0
    -1.33955 0 0 0
    -1.33896 0 0 0
    -1.33789 0 0 0
    -1.33792 0 0 0
    -1.33708 0 0 0
    -1.33777 0 0 0
    -1.33851 0 0 0
    -1.33613 0 0 0
    -1.33714 0 0 0
    -1.33732 0 0 0
    -1.33651 0 0 0
    -1.33619 0 0 0
    -1.33651 0 0 0
    -1.33345 0 0 0
    -1.33649 0 0 0
    -1.33559 0 0 0
     -1.3355 0 0 0
    -1.33297 0 0 0
     -1.3364 0 0 0
    -1.33261 0 0 0
     -1.3352 0 0 0
    -1.33434 0 0 0
    -1.33321 0 0 0
    -1.33252 0 0 0
     -1.3335 0 0 0
      -1.335 0 0 0
    -1.33204 0 0 0
    -1.33291 0 0 0
    -1.33407 0 0 0
    -1.33198 0 0 0
    -1.33362 0 0 0
    -1.33255 0 0 0
     -1.3307 0 0 0
     -1.3316 0 0 0
    -1.33279 0 0 0
    -1.33157 0 0 0
    -1.33181 0 0 1
    -1.33267 0 0 0
    -1.33079 0 0 0
    -1.32984 0 0 0
     -1.3262 0 0 0
    -1.32114 0 0 0
    -1.31723 0 0 0
    -1.31667 0 0 0
    -1.31363 0 0 0
    -1.31494 0 0 0
    -1.31541 0 0 0
    -1.31375 0 0 0
    -1.31568 0 0 0
    -1.31765 0 0 0
    -1.31586 0 0 0
    -1.31783 0 0 0
    -1.31866 0 0 0
    -1.31854 0 0 0
    -1.32093 0 0 0
    -1.32158 0 0 0
    -1.32111 0 0 0
     -1.3212 0 0 0
    -1.32316 0 0 0
    -1.32281 0 0 0
    -1.32486 0 0 0
    -1.32468 0 0 0
    -1.32313 0 0 0
    -1.32421 0 0 0
     -1.3248 0 0 0
    -1.32462 0 0 0
    -1.32501 0 0 0
    -1.32552 0 0 0
     -1.3251 0 0 0
     -1.3254 0 0 0
    -1.32701 0 0 0
      -1.324 0 0 0
    -1.32522 0 0 0
    -1.32671 0 0 0
    -1.32456 0 0 0
    -1.32611 0 0 0
    -1.32763 0 0 0
    -1.32462 0 0 0
    -1.32567 0 0 0
    -1.32599 0 0 0
    -1.32701 0 0 0
    -1.32594 0 0 0
    -1.32668 0 0 0
    -1.32471 0 0 0
    -1.32698 0 0 0
    -1.32626 0 0 0
     -1.3251 0 0 0
    -1.32433 0 0 0
    -1.32549 0 0 0
     -1.3245 0 0 0
    -1.32686 0 0 0
    -1.32558 0 0 0
    -1.32409 0 0 0
    -1.32278 0 0 0
    -1.32605 0 0 0
    -1.32385 0 0 0
    -1.32453 0 0 1
    -1.32409 0 0 0
    -1.32307 0 0 0
    -1.32403 0 0 0
    -1.32427 0 0 0
    -1.32322 0 0 0
    -1.32361 0 0 0
    -1.32328 0 0 0
    -1.32319 0 0 0
    -1.32403 0 0 0
    -1.32236 0 0 0
    -1.32221 0 0 0
    -1.32322 0 0 0
    -1.32456 0 0 0
    -1.32489 0 0 0
    -1.32337 0 0 0
    -1.32388 0 0 0
    -1.32167 0 0 0
    -1.32346 0 0 0
    -1.32301 0 0 0
    -1.32322 0 0 0
    -1.32161 0 0 0
     -1.3223 0 0 0
    -1.32278 0 0 0
    -1.32298 0 0 0
    -1.32164 0 0 0
    -1.32245 0 0 0
    -1.32039 0 0 0
    -1.32141 0 0 0
    -1.32051 0 0 0
    -1.32206 0 0 0
    -1.31932 0 0 0
    -1.31953 0 0 0
    -1.32009 0 0 0
    -1.32012 0 0 0
    -1.31834 0 0 0
     -1.3198 0 0 0
    -1.31777 0 0 0
    -1.31765 0 0 0
    -1.31977 0 0 0
    -1.31744 0 0 0
    -1.31714 0 0 0
    -1.31673 0 0 0
    -1.31801 0 0 0
    -1.31774 0 0 0
    -1.31607 0 0 0
    -1.31539 0 0 0
    -1.31515 0 0 0
    -1.31604 0 0 0
    -1.31443 0 0 0
    -1.31443 0 0 0
    -1.31437 0 0 0
    -1.31285 0 0 0
    -1.31345 0 0 0
    -1.31363 0 0 0
    -1.31375 0 0 0
    -1.31166 0 0 0
    -1.31166 0 0 0
     -1.3105 0 0 0
    -1.31118 0 0 0
     -1.3116 0 0 1
    -1.30922 0 0 0
    -1.30934 0 0 0
    -1.31083 0 0 0
    -1.30841 0 0 0
    -1.30972 0 0 0
    -1.30805 0 0 0
    -1.30638 0 0 0
    -1.30823 0 0 0
    -1.30835 0 0 0
    -1.30588 0 0 0
    -1.30537 0 0 0
     -1.3065 0 0 0
     -1.3043 0 0 0
    -1.30615 0 0 0
    -1.30522 0 0 0
    -1.30257 0 0 0
    -1.30391 0 0 0
    -1.30406 0 0 0
    -1.30415 0 0 0
    -1.30299 0 0 0
    -1.30355 0 0 0
    -1.30156 0 0 0
    -1.30355 0 0 0
    -1.30334 0 0 0
    -1.30165 0 0 0
    -1.30129 0 0 0
    -1.30278 0 0 0
    -1.30039 0 0 0
    -1.30299 0 0 0
    -1.30296 0 0 0
    -1.30028 0 0 0
    -1.30126 0 0 0
    -1.30159 0 0 0
    -1.30081 0 0 0
     -1.3018 0 0 0
    -1.30171 0 0 0
     -1.2998 0 0 0
    -1.30153 0 0 0
    -1.30239 0 0 0
    -1.30081 0 0 0
    -1.29965 0 0 0
    -1.30108 0 0 0
    -1.29947 0 0 0
     -1.3018 0 0 0
    -1.30191 0 0 0
     -1.3006 0 0 0
    -1.30007 0 0 0
    -1.30153 0 0 0
    -1.30072 0 0 0
    -1.30245 0 0 0
    -1.30135 0 1 0
    -1.30007 0 0 0
    -1.30275 0 0 0
     -1.3018 0 0 0
    -1.30156 0 0 0
    -1.30197 0 0 0
    -1.30245 0 0 0
     -1.3012 0 0 0
    -1.30141 0 0 0
    -1.30352 1 0 1
     -1.5488 1 0 0
    -1.85764 1 0 0
    -1.44193 1 0 0
    -1.48019 1 0 0
     -1.4638 1 0 0
    -1.47161 1 0 0
    -1.47229 1 0 0
    -1.47954 1 0 0
    -1.48529 1 0 0
    -1.48675 1 0 0
    -1.49015 1 0 0
    -1.49304 1 0 0
    -1.49637 1 0 0
    -1.49944 1 0 0
     -1.5021 1 0 0
    -1.50383 1 0 0
    -1.50734 1 0 0
    -1.50937 1 0 0
     -1.5111 1 0 0
    -1.51423 1 0 0
    -1.51578 1 0 0
     -1.5167 1 0 0
    -1.51941 1 0 0
    -1.52299 1 0 0
    -1.52177 1 0 0
    -1.52433 1 0 0
    -1.52552 1 0 0
    -1.52627 1 0 0
    -1.52919 1 0 0
     -1.5308 1 0 0
    -1.53032 1 0 0
    -1.53258 1 0 0
    -1.53503 1 0 0
    -1.53512 1 0 0
    -1.53708 1 0 0
    -1.53831 1 0 0
    -1.53789 1 0 0
    -1.53905 1 0 0
     -1.5423 1 0 0
    -1.54179 1 0 0
    -1.54251 1 0 0
    -1.54483 1 0 0
    -1.54436 1 0 0
    -1.54644 1 0 0
    -1.54766 1 0 0
    -1.54707 1 0 0
    -1.54656 1 0 0
    -1.55005 1 0 0
    -1.55026 1 0 0
    -1.55064 1 0 0
    -1.55187 1 0 0
    -1.55178 1 0 0
    -1.55437 1 0 0
    -1.55443 1 0 0
    -1.55449 1 0 0
    -1.55586 1 0 0
    -1.55655 1 0 0
    -1.55777 1 0 0
    -1.55765 1 0 0
     -1.5603 1 0 1
       -1.56 1 0 0
    -1.56033 1 0 0
    -1.56188 1 0 0
    -1.56254 1 0 0
    -1.56334 1 0 0
    -1.56468 1 0 0
     -1.5626 1 0 0
    -1.56525 1 0 0
    -1.56599 1 0 0
    -1.56641 1 0 0
    -1.56626 1 0 0
    -1.56826 1 0 0
    -1.56748 1 0 0
    -1.56951 1 0 0
    -1.57011 1 0 0
    -1.56963 1 0 0
    -1.57097 1 0 0
    -1.57267 1 0 0
    -1.57133 1 0 0
    -1.57407 1 0 0
    -1.57478 1 0 0
    -1.57288 1 0 0
    -1.57431 1 0 0
    -1.57622 1 0 0
    -1.57601 1 0 0
    -1.57678 1 0 0
    -1.57827 1 0 0
    -1.57678 1 0 0
    -1.57902 1 0 0
    -1.57923 1 0 0
    -1.57723 1 0 0
    -1.57994 1 0 0
     -1.5817 1 0 0
    -1.58116 1 0 0
    -1.58158 1 0 0
    -1.58224 1 0 0
    -1.58155 1 0 0
    -1.58444 1 0 0
    -1.58474 1 0 0
    -1.58292 1 0 0
    -1.58474 1 0 0
    -1.58569 1 0 0
    -1.58453 1 0 0
     -1.5873 1 0 0
    -1.58739 1 0 0
    -1.58536 1 0 0
    -1.58775 1 0 0
    -1.58781 1 0 0
    -1.58834 1 0 0
    -1.58903 1 0 0
     -1.5898 1 0 0
    -1.58852 1 0 0
    -1.59097 1 0 0
    -1.59249 1 0 0
    -1.59058 1 0 0
    -1.59156 1 0 0
    -1.59317 1 0 0
    -1.59323 1 0 0
    -1.59377 1 0 0
    -1.59425 1 0 1
    -1.59299 1 0 0
    -1.59431 1 0 0
    -1.59505 1 0 0
    -1.59425 1 0 0
    -1.59508 1 0 0
    -1.59696 1 0 0
     -1.5946 1 0 0
    -1.59636 1 0 0
    -1.59749 1 0 0
    -1.59621 1 0 0
    -1.59767 1 0 0
    -1.59833 1 0 0
    -1.59821 1 0 0
    -1.60047 1 0 0
    -1.60006 1 0 0
    -1.59949 1 0 0
     -1.6003 1 0 0
    -1.60068 1 0 0
    -1.60152 1 0 0
    -1.60173 1 0 0
    -1.60205 1 0 0
    -1.60125 1 0 0
    -1.60211 1 0 0
    -1.60336 1 0 0
     -1.6025 1 0 0
    -1.60319 1 0 0
    -1.60235 1 0 0
    -1.60301 1 0 0
    -1.60518 1 0 0
    -1.60456 1 0 0
    -1.60179 1 0 0
    -1.60423 1 0 0
    -1.60429 1 0 0
    -1.60444 1 0 0
    -1.60459 1 0 0
    -1.60521 1 0 0
    -1.60322 1 0 0
    -1.60632 1 0 0
    -1.60441 1 0 0
    -1.60477 1 0 0
    -1.60497 1 0 0
    -1.60468 1 0 0
    -1.60465 1 0 0
    -1.60432 1 0 0
    -1.60623 1 0 0
    -1.60414 1 0 0
    -1.60488 1 0 0
    -1.60426 1 0 0
    -1.60414 1 0 0
     -1.6059 1 0 0
    -1.60486 1 0 0
    -1.60348 1 0 0
    -1.60539 1 0 0
    -1.60506 1 0 0
    -1.60357 1 0 0
     -1.6039 1 0 0
    -1.60369 1 0 0
    -1.60447 1 0 0
    -1.60438 1 0 0
     -1.6042 1 0 1
    -1.60497 1 0 0
    -1.60548 1 0 0
    -1.60471 1 0 0
    -1.60483 1 0 0
    -1.60423 1 0 0
    -1.60494 1 0 0
    -1.60381 1 0 0
    -1.60381 1 0 0
    -1.60637 1 0 0
    -1.60378 1 0 0
     -1.6025 1 0 0
    -1.60304 1 0 0
    -1.60223 1 0 0
    -1.60453 1 0 0
     -1.6042 1 0 0
    -1.60199 1 0 0
    -1.60336 1 0 0
    -1.60259 1 0 0
    -1.60357 1 0 0
    -1.60462 1 0 0
    -1.60214 1 0 0
    -1.60277 1 0 0
    -1.60292 1 0 0
    -1.60369 1 0 0
     -1.6031 1 0 0
    -1.60313 1 0 0
     -1.6031 1 0 0
    -1.60417 1 0 0
    -1.60369 1 0 0
    -1.60521 1 0 0
    -1.60372 1 0 0
    -1.60378 1 0 0
    -1.60483 1 0 0
    -1.60575 1 0 0
    -1.60432 1 0 0
    -1.60486 1 0 0
    -1.60402 1 0 0
    -1.60524 1 0 0
    -1.60694 1 0 0
    -1.60477 1 0 0
    -1.60626 1 0 0
    -1.60563 1 0 0
    -1.60748 1 0 0
    -1.60831 1 0 0
    -1.60691 1 0 0
    -1.60655 1 0 0
    -1.60497 1 0 0
     -1.6076 1 0 0
    -1.61621 1 0 0
    -1.60229 1 0 0
    -1.60643 1 0 0
    -1.60715 1 0 0
    -1.60694 1 0 0
    -1.60936 1 0 0
    -1.60933 1 0 0
    -1.60879 1 0 0
    -1.60867 1 0 0
    -1.60792 1 0 0
    -1.60894 1 0 1
     -1.6087 1 0 0
    -1.60909 1 0 0
    -1.60906 1 0 0
    -1.60903 1 0 0
    -1.61028 1 0 0
    -1.61064 1 0 0
    -1.61082 1 0 0
    -1.61111 1 0 0
    -1.61019 1 0 0
    -1.61225 1 0 0
    -1.61085 1 0 0
     -1.6109 1 0 0
    -1.61144 1 0 0
    -1.61144 1 0 0
    -1.61314 1 0 0
    -1.61305 1 0 0
    -1.61257 1 0 0
    -1.61296 1 0 0
    -1.61302 1 0 0
    -1.61397 1 0 0
     -1.6143 1 0 0
    -1.61245 1 0 0
    -1.61406 1 0 0
    -1.61371 1 0 0
    -1.61552 1 0 0
    -1.61502 1 0 0
    -1.61496 1 0 0
    -1.61555 1 0 0
    -1.61585 1 0 0
    -1.61529 1 0 0
    -1.61746 1 0 0
    -1.61478 1 0 0
     -1.6157 1 0 0
    -1.61612 1 0 0
    -1.61594 1 0 0
    -1.61716 1 0 0
    -1.61541 1 0 0
    -1.61514 1 0 0
    -1.61687 1 0 0
    -1.61603 1 0 0
    -1.61722 1 0 0
    -1.61648 1 0 0
    -1.61681 1 0 0
    -1.61824 1 0 0
    -1.61666 1 0 0
    -1.61779 1 0 0
     -1.6183 1 0 0
    -1.61833 1 0 0
    -1.61785 1 0 0
    -1.61898 1 0 0
    -1.61907 1 0 0
    -1.61821 1 0 0
    -1.61749 1 0 0
    -1.61898 1 0 0
    -1.61883 1 0 0
    -1.61946 1 0 0
    -1.61874 1 0 0
     -1.6205 1 0 0
    -1.62038 1 0 0
    -1.61988 1 0 1
    -1.61946 1 0 0
    -1.62056 1 0 0
    -1.61964 1 0 0
    -1.62008 1 0 0
    -1.62047 1 0 0
    -1.62113 1 0 0
    -1.62116 1 0 0
    -1.61985 1 0 0
    -1.62002 1 0 0
    -1.62143 1 0 0
     -1.6205 1 0 0
    -1.62023 1 0 0
    -1.61934 1 0 0
    -1.62083 1 0 0
    -1.62125 1 0 0
    -1.62151 1 0 0
    -1.62089 1 0 0
    -1.62116 1 0 0
     -1.6219 1 0 0
    -1.62163 1 0 0
    -1.62184 1 0 0
    -1.62062 1 0 0
    -1.62157 1 0 0
    -1.62187 1 0 0
    -1.62262 1 0 0
    -1.62235 1 0 0
    -1.62297 1 0 0
    -1.62143 1 0 0
     -1.6236 1 0 0
    -1.62336 1 0 0
    -1.62259 1 0 0
    -1.62175 1 0 0
    -1.62283 1 0 0
     -1.6236 1 0 0
    -1.62438 1 0 0
    -1.62441 1 0 0
    -1.62396 1 0 0
    -1.62414 1 0 0
    -1.62309 1 0 0
    -1.62509 1 0 0
    -1.62435 1 0 0
    -1.62315 1 0 0
    -1.62446 1 0 0
    -1.62354 1 0 0
    -1.62402 1 0 0
    -1.62515 1 0 0
    -1.62363 1 0 0
    -1.62357 1 0 0
    -1.62476 1 0 0
    -1.62446 1 0 0
     -1.6256 1 0 0
    -1.62497 1 0 0
    -1.62429 1 0 0
    -1.62488 1 0 0
    -1.62598 1 0 0
    -1.62381 1 0 0
    -1.62444 1 0 0
    -1.62584 1 0 0
    -1.62372 1 0 0
    -1.62572 1 0 1
    -1.62494 1 0 0
    -1.62527 1 0 0
    -1.62539 1 0 0
    -1.63108 1 0 0
    -1.63281 1 0 0
    -1.63704 1 0 0
    -1.63916 1 0 0
    -1.63743 1 0 0
    -1.63835 1 0 0
    -1.64011 1 0 0
    -1.63841 1 0 0
    -1.63725 1 0 0
     -1.6377 1 0 0
    -1.63621 1 0 0
     -1.6377 1 0 0
    -1.63734 1 0 0
    -1.63406 1 0 0
     -1.6337 1 0 0
    -1.63507 1 0 0
    -1.63308 1 0 0
    -1.63317 1 0 0
    -1.63221 1 0 0
    -1.62989 1 0 0
    -1.63135 1 0 0
    -1.63111 1 0 0
    -1.62902 1 0 0
    -1.62941 1 0 0
    -1.62899 1 0 0
    -1.62858 1 0 0
    -1.62825 1 0 0
    -1.62995 1 0 0
    -1.62628 1 0 0
    -1.62691 1 0 0
    -1.62733 1 0 0
    -1.62598 1 0 0
    -1.62804 1 0 0
    -1.62575 1 0 0
    -1.62458 1 0 0
    -1.62548 1 0 0
    -1.62598 1 0 0
    -1.62515 1 0 0
    -1.62441 1 0 0
    -1.62461 1 0 0
    -1.62429 1 0 0
    -1.62396 1 0 0
    -1.62572 1 0 0
    -1.62247 1 0 0
    -1.62295 1 0 0
    -1.62369 1 0 0
    -1.62262 1 0 0
      -1.623 1 0 0
    -1.62321 1 0 0
    -1.62023 1 0 0
    -1.62277 1 0 0
    -1.62235 1 0 0
    -1.62083 1 0 0
    -1.62068 1 0 0
    -1.62032 1 0 0
    -1.61985 1 0 0
    -1.62059 1 0 1
    -1.62038 1 0 0
    -1.61949 1 0 0
    -1.61886 1 0 0
    -1.62253 1 0 0
    -1.62047 1 0 0
    -1.61844 1 0 0
    -1.61996 1 0 0
    -1.61651 1 0 0
    -1.61871 1 0 0
    -1.61797 1 0 0
    -1.61776 1 0 0
    -1.61767 1 0 0
    -1.61618 1 0 0
    -1.61615 1 0 0
    -1.61651 1 0 0
    -1.61731 1 0 0
    -1.61535 1 0 0
    -1.61523 1 0 0
    -1.61672 1 0 0
    -1.61546 1 0 0
     -1.6166 1 0 0
    -1.61698 1 0 0
    -1.61457 1 0 0
    -1.61499 1 0 0
     -1.6163 1 0 0
    -1.61457 1 0 0
     -1.6152 1 0 0
    -1.61496 1 0 0
    -1.61386 1 0 0
    -1.61526 1 0 0
    -1.61558 1 0 0
    -1.61463 1 0 0
    -1.61493 1 0 0
    -1.61472 1 0 0
    -1.61523 1 0 0
    -1.61493 1 0 0
    -1.61651 1 0 0
    -1.61389 1 0 0
    -1.61439 1 0 0
     -1.6166 1 0 0
    -1.61502 1 0 0
    -1.61627 1 0 0
    -1.61573 1 0 0
    -1.61391 1 0 0
    -1.61734 1 0 0
    -1.61758 1 0 0
    -1.61478 1 0 0
    -1.61615 1 0 0
    -1.61549 1 0 0
    -1.61594 1 0 0
    -1.61719 1 0 0
    -1.61669 1 0 0
    -1.61546 1 0 0
    -1.61639 1 0 0
    -1.61809 1 0 0
    -1.61675 1 0 0
    -1.61853 1 0 0
    -1.61681 1 0 0
    -1.61538 1 0 0
    -1.61767 1 0 1
    -1.61862 1 0 0
    -1.61633 1 0 0
    -1.61681 1 0 0
    -1.61794 1 0 0
    -1.61701 1 0 0
    -1.61886 1 0 0
    -1.61844 1 0 0
    -1.61746 1 0 0
    -1.61794 1 0 0
    -1.61824 1 0 0
    -1.61791 1 0 0
    -1.61892 1 0 0
    -1.61964 1 0 0
    -1.61785 1 0 0
     -1.6188 1 0 0
    -1.62101 1 0 0
    -1.61812 1 0 0
    -1.61931 1 0 0
    -1.61892 1 0 0
    -1.61994 1 0 0
     -1.6211 1 0 0
    -1.62038 1 0 0
    -1.61761 1 0 0
    -1.62023 1 0 0
    -1.62143 1 0 0
    -1.62083 1 0 0
    -1.62098 1 0 0
     -1.6208 1 0 0
    -1.61964 1 0 0
    -1.62044 1 0 0
    -1.62202 1 0 0
     -1.6205 1 0 0
    -1.62169 1 0 0
    -1.62148 1 0 0
    -1.62041 1 0 0
    -1.62262 1 0 0
    -1.62086 1 0 0
    -1.62035 1 0 0
    -1.62196 1 0 0
    -1.62277 1 0 0
    -1.62169 1 0 0
    -1.62163 1 0 0
    -1.62217 1 0 0
    -1.62071 1 0 0
    -1.62205 1 0 0
    -1.62324 1 0 0
    -1.62011 1 0 0
    -1.62229 1 0 0
    -1.62274 1 0 0
    -1.62151 1 0 0
    -1.62324 1 0 0
    -1.62295 1 0 0
    -1.62086 1 0 0
      -1.623 1 0 0
    -1.62235 1 0 0
    -1.62286 1 0 0
    -1.62357 1 0 0
    -1.62324 1 0 0
    -1.62235 1 0 0
    -1.62295 1 0 1
    -1.62387 1 0 0
    -1.62309 1 0 0
    -1.62226 1 0 0
    -1.61886 1 0 0
     -1.6132 1 0 0
     -1.6121 1 0 0
    -1.61132 1 0 0
    -1.60772 1 0 0
    -1.61046 1 0 0
    -1.61034 1 0 0
    -1.60864 1 0 0
    -1.61195 1 0 0
    -1.61105 1 0 0
    -1.61269 1 0 0
    -1.61389 1 0 0
    -1.61403 1 0 0
    -1.61478 1 0 0
    -1.61633 1 0 0
    -1.61615 1 0 0
    -1.61779 1 0 0
    -1.61982 1 0 0
    -1.61988 1 0 0
    -1.61907 1 0 0
    -1.62041 1 0 0
    -1.62223 1 0 0
    -1.62166 1 0 0
     -1.6219 1 0 0
    -1.62306 1 0 0
    -1.62244 1 0 0
    -1.62372 1 0 0
    -1.62432 1 0 0
    -1.62327 1 0 0
    -1.62417 1 0 0
     -1.6264 1 0 0
    -1.62464 1 0 0
    -1.62682 1 0 0
    -1.62616 1 0 0
     -1.6242 1 0 0
    -1.62703 1 0 0
    -1.62673 1 0 0
     -1.6267 1 0 0
    -1.62619 1 0 0
    -1.62581 1 0 0
    -1.62518 1 0 0
    -1.62718 1 0 0
    -1.62837 1 0 0
    -1.62673 1 0 0
    -1.62706 1 0 0
    -1.62795 1 0 0
    -1.62628 1 0 0
    -1.62739 1 0 0
    -1.62801 1 0 0
    -1.62581 1 0 0
    -1.62786 1 0 0
    -1.62795 1 0 0
    -1.62721 1 0 0
    -1.62739 1 0 0
    -1.62786 1 0 0
    -1.62643 1 0 0
    -1.62822 1 0 1
    -1.62891 1 0 0
     -1.6261 1 0 0
    -1.62649 1 0 0
    -1.62795 1 0 0
     -1.6275 1 0 0
    -1.62742 1 0 0
    -1.62798 1 0 0
    -1.62622 1 0 0
    -1.62879 1 0 0
    -1.62882 1 0 0
     -1.6273 1 0 0
    -1.62813 1 0 0
    -1.62837 1 0 0
    -1.62745 1 0 0
    -1.62962 1 0 0
    -1.62983 1 0 0
    -1.62739 1 0 0
    -1.62935 1 0 0
    -1.62888 1 0 0
    -1.62816 1 0 0
    -1.62989 1 0 0
    -1.62897 1 0 0
    -1.62694 1 0 0
    -1.62771 1 0 0
    -1.62941 1 0 0
    -1.62783 1 0 0
    -1.62932 1 0 0
    -1.62768 1 0 0
    -1.62771 1 0 0
    -1.62897 1 0 0
    -1.62774 1 0 0
    -1.62682 1 0 0
    -1.62819 1 0 0
    -1.62777 1 0 0
    -1.62706 1 0 0
     -1.6281 1 0 0
    -1.62727 1 0 0
    -1.62664 1 0 0
    -1.62616 1 0 0
    -1.62688 1 0 0
    -1.62566 1 0 0
    -1.63123 1 0 0
     -1.6242 1 0 0
    -1.62488 1 0 0
    -1.62548 1 0 0
    -1.62655 1 0 0
      -1.625 1 0 0
     -1.6242 1 0 0
    -1.62381 1 0 0
    -1.62348 1 0 0
    -1.62503 1 0 0
    -1.62402 1 0 0
    -1.62354 1 0 0
    -1.62357 1 0 0
    -1.62366 1 0 0
    -1.62342 1 0 0
    -1.62116 1 0 0
    -1.61937 1 0 0
     -1.6208 1 0 0
    -1.62509 1 0 1
    -1.62283 1 0 0
    -1.62095 1 0 0
    -1.62125 1 0 0
    -1.62151 1 0 0
    -1.62208 1 0 0
    -1.62181 1 0 0
    -1.62062 1 0 0
    -1.62038 1 0 0
    -1.62032 1 0 0
    -1.61931 1 0 0
    -1.61937 1 0 0
    -1.61937 1 0 0
    -1.61847 1 0 0
    -1.61785 1 0 0
      -1.618 1 0 0
    -1.61934 1 0 0
    -1.61722 1 0 0
    -1.61773 1 0 0
    -1.61767 1 0 0
    -1.61698 1 0 0
    -1.61853 1 0 0
     -1.6171 1 0 0
     -1.6166 1 0 0
    -1.61797 1 0 0
    -1.61752 1 0 0
    -1.61758 1 0 0
    -1.61707 1 0 0
    -1.61633 1 0 0
    -1.61749 1 0 0
     -1.6174 1 0 0
    -1.61752 1 0 0
    -1.61666 1 0 0
    -1.61606 1 0 0
    -1.61746 1 0 0
    -1.61728 1 0 0
    -1.61636 1 0 0
    -1.61734 1 0 0
    -1.61698 1 0 0
    -1.61585 1 0 0
    -1.61728 1 0 0
    -1.61842 1 0 0
    -1.61725 1 0 0
    -1.61648 1 0 0
    -1.61782 1 0 0
    -1.61713 1 0 0
    -1.61654 1 0 0
    -1.61856 1 0 0
    -1.61541 1 0 0
    -1.61785 1 0 0
    -1.61773 1 0 0
    -1.61725 1 0 0
    -1.61859 1 0 0
    -1.61704 1 0 0
    -1.61752 1 0 0
    -1.61839 1 0 0
    -1.61767 1 0 0
    -1.61853 1 0 0
    -1.61803 1 0 0
    -1.61815 1 0 0
    -1.61937 1 0 1
    -1.61925 1 0 0
    -1.61767 1 0 0
    -1.61842 1 0 0
    -1.61844 1 0 0
    -1.62002 1 0 0
    -1.61904 1 0 0
    -1.61967 1 0 0
    -1.61898 1 0 0
    -1.61904 1 0 0
    -1.62068 1 0 0
    -1.61943 1 0 0
    -1.61961 1 0 0
    -1.62023 1 0 0
    -1.61937 1 0 0
    -1.62134 1 0 0
    -1.62002 1 0 0
     -1.6205 1 0 0
    -1.62017 1 0 0
    -1.62017 1 0 0
    -1.62098 1 0 0
    -1.62074 1 0 0
    -1.62068 1 0 0
     -1.6191 1 0 0
    -1.61925 1 0 0
    -1.62208 1 0 0
    -1.62134 1 0 0
    -1.62187 1 0 0
    -1.61988 1 0 0
    -1.62083 1 0 0
    -1.62223 1 0 0
    -1.62226 1 0 0
    -1.62196 1 0 0
    -1.62265 1 0 0
     -1.6214 1 0 0
    -1.62202 1 0 0
    -1.62202 1 0 0
    -1.62259 1 0 0
    -1.62184 1 0 0
    -1.62145 1 0 0
     -1.6247 1 0 0
    -1.62295 1 0 0
     -1.6233 1 0 0
    -1.62277 1 0 0
    -1.62202 1 0 0
    -1.62446 1 0 0
    -1.62366 1 0 0
    -1.62157 1 0 0
     -1.6225 1 0 0
    -1.62315 1 0 0
    -1.62491 1 0 0
    -1.62336 1 0 0
    -1.62327 1 0 0
    -1.62271 1 0 0
    -1.62387 1 0 0
    -1.62363 1 0 0
    -1.62402 1 0 0
    -1.62441 1 0 0
    -1.62369 1 0 0
    -1.62348 1 0 0
    -1.62458 1 0 1
    -1.62479 1 0 0
    -1.62473 1 0 0
    -1.62396 1 0 0
     -1.6247 1 0 0
    -1.62587 1 0 0
    -1.62548 1 0 0
    -1.62393 1 0 0
    -1.62527 1 0 0
    -1.62396 1 0 0
    -1.62578 1 0 0
    -1.62515 1 0 0
    -1.62461 1 0 0
    -1.62557 1 0 0
    -1.62429 1 0 0
    -1.62566 1 0 0
    -1.62652 1 0 0
    -1.62435 1 0 0
    -1.62572 1 0 0
      -1.625 1 0 0
    -1.62619 1 0 0
    -1.62607 1 0 0
    -1.62545 1 0 0
    -1.62512 1 0 0
    -1.62482 1 0 0
    -1.62739 1 0 0
    -1.62631 1 0 0
    -1.62622 1 0 0
    -1.62554 1 0 0
    -1.62482 1 0 0
    -1.62539 1 0 0
    -1.62581 1 0 0
    -1.62622 1 0 0
    -1.62676 1 0 0
    -1.62563 1 0 0
    -1.62646 1 0 0
    -1.62733 1 0 0
    -1.62581 1 0 0
    -1.62601 1 0 0
    -1.62497 1 0 0
    -1.62765 1 0 0
    -1.62613 1 0 0
    -1.62679 1 0 0
    -1.62655 1 0 0
     -1.6253 1 0 0
    -1.62789 1 0 0
    -1.62691 1 0 0
    -1.62572 1 0 0
     -1.6267 1 0 0
    -1.62587 1 0 0
    -1.62768 1 0 0
    -1.62786 1 0 0
    -1.62739 1 0 0
    -1.62658 1 0 0
    -1.62673 1 0 0
    -1.62861 1 0 0
    -1.62739 1 0 0
    -1.62771 1 0 0
    -1.62786 1 0 0
    -1.62691 1 0 0
    -1.62837 1 0 1
    -1.62822 1 0 0
    -1.62682 1 0 0
    -1.62777 1 0 0
    -1.62658 1 0 0
    -1.62771 1 0 0
    -1.62733 1 0 0
     -1.6278 1 0 0
    -1.62733 1 0 0
    -1.62706 1 0 0
    -1.62792 1 0 0
    -1.62843 1 0 0
    -1.62813 1 0 0
    -1.62852 1 0 0
    -1.62804 1 0 0
    -1.62956 1 0 0
    -1.62879 1 0 0
    -1.62897 1 0 0
    -1.62935 1 0 0
    -1.62739 1 0 0
    -1.62947 1 0 0
    -1.62977 1 0 0
    -1.62876 1 0 0
    -1.62855 1 0 0
    -1.62759 1 0 0
    -1.62879 1 0 0
    -1.62944 1 0 0
    -1.62843 1 0 0
    -1.62855 1 0 0
    -1.62748 1 0 0
    -1.62935 1 0 0
    -1.62864 1 0 0
    -1.62768 1 0 0
    -1.62736 1 0 0
    -1.62736 1 0 0
    -1.62694 1 0 0
    -1.62819 1 0 0
    -1.62685 1 0 0
    -1.62748 1 0 0
    -1.62503 1 0 0
    -1.62658 1 0 0
    -1.62628 1 0 0
    -1.62554 1 0 0
     -1.6256 1 0 0
    -1.62527 1 0 0
      -1.625 1 0 0
    -1.62569 1 0 0
    -1.62449 1 0 0
      -1.625 1 0 0
     -1.6236 1 0 0
     -1.6259 1 0 0
    -1.62354 1 0 0
    -1.62488 1 0 0
    -1.62396 1 0 0
    -1.62318 1 0 0
     -1.6225 1 0 0
     -1.6233 1 0 0
    -1.62247 1 0 0
    -1.62235 1 0 0
    -1.62125 1 0 1
    -1.62315 1 0 0
      -1.623 1 0 0
    -1.62223 1 0 0
    -1.62131 1 0 0
    -1.62071 1 0 0
    -1.62217 1 0 0
    -1.62098 1 0 0
    -1.61913 1 0 0
    -1.62038 1 0 0
    -1.61779 1 0 0
    -1.61985 1 0 0
    -1.61952 1 0 0
    -1.61734 1 0 0
    -1.61904 1 0 0
    -1.61651 1 0 0
    -1.61847 1 0 0
    -1.61704 1 0 0
    -1.61725 1 0 0
    -1.61725 1 0 0
    -1.61728 1 0 0
    -1.61693 1 0 0
    -1.61573 1 0 0
     -1.6166 1 0 0
    -1.61725 1 0 0
    -1.61585 1 0 0
    -1.61806 1 0 0
    -1.61719 1 0 0
    -1.61684 1 0 0
    -1.61725 1 0 0
    -1.61687 1 0 0
    -1.61707 1 0 0
     -1.6169 1 0 0
    -1.61588 1 0 0
    -1.61573 1 0 0
    -1.61508 1 0 0
    -1.61612 1 0 0
    -1.61698 1 0 0
    -1.61627 1 0 0
    -1.61639 1 0 0
    -1.61588 1 0 0
    -1.61713 1 0 0
    -1.61836 1 0 0
     -1.6169 1 0 0
    -1.61654 1 0 0
    -1.61716 1 0 0
    -1.61716 1 0 0
    -1.61812 1 0 0
    -1.61767 1 0 0
     -1.6171 1 0 0
    -1.61755 1 0 0
     -1.6174 1 0 0
    -1.61833 1 0 0
    -1.61621 1 0 0
    -1.61725 1 0 0
    -1.61716 1 0 0
    -1.61871 1 0 0
    -1.61859 1 0 0
    -1.61698 1 0 0
     -1.6177 1 0 0
    -1.61827 1 0 1
    -1.61833 1 0 0
    -1.61922 1 0 0
    -1.61931 1 0 0
    -1.61758 1 0 0
    -1.61836 1 0 0
    -1.61889 1 0 0
    -1.61958 1 0 0
    -1.62014 1 0 0
    -1.61949 1 0 0
    -1.61895 1 0 0
    -1.62011 1 0 0
    -1.62014 1 0 0
    -1.62098 1 0 0
    -1.61856 1 0 0
    -1.62017 1 0 0
    -1.62128 1 0 0
    -1.62116 1 0 0
    -1.62017 1 0 0
    -1.62017 1 0 0
    -1.62184 1 0 0
    -1.62059 1 0 0
    -1.62104 1 0 0
    -1.62071 1 0 0
    -1.62083 1 0 0
    -1.62095 1 0 0
    -1.62116 1 0 0
    -1.62363 1 0 0
    -1.62166 1 0 0
    -1.61976 1 0 0
    -1.62202 1 0 0
    -1.62157 1 0 0
    -1.62101 1 0 0
     -1.6225 1 0 0
    -1.62217 1 0 0
    -1.62038 1 0 0
    -1.62315 1 0 0
    -1.62366 1 0 0
    -1.62077 1 0 0
    -1.62309 1 0 0
    -1.62295 1 0 0
    -1.62083 1 0 0
    -1.62384 1 0 0
    -1.62345 1 0 0
    -1.62104 1 0 0
    -1.62441 1 0 0
    -1.62283 1 0 0
    -1.62268 1 0 0
    -1.62408 1 0 0
    -1.62372 1 0 0
    -1.62137 1 0 0
    -1.62354 1 0 0
    -1.62435 1 0 0
    -1.62247 1 0 0
     -1.6239 1 0 0
     -1.6236 1 0 0
      -1.623 1 0 0
    -1.62497 1 0 0
    -1.62452 1 0 0
    -1.62241 1 0 0
    -1.62506 1 0 1
    -1.62446 1 0 0
     -1.6225 1 0 0
    -1.62584 1 0 0
    -1.62429 1 0 0
    -1.62336 1 0 0
    -1.62581 1 0 0
    -1.62396 1 0 0
     -1.6242 1 0 0
    -1.62527 1 0 0
    -1.62426 1 0 0
    -1.62256 1 0 0
    -1.62709 1 0 0
    -1.62545 1 0 0
    -1.62229 1 0 0
    -1.62441 1 0 0
    -1.62539 1 0 0
    -1.62399 1 0 0
     -1.6267 1 0 0
    -1.62446 1 0 0
     -1.6239 1 0 0
    -1.62598 1 0 0
    -1.62467 1 0 0
    -1.62482 1 0 0
    -1.62598 1 0 0
    -1.62566 1 0 0
    -1.62458 1 0 0
    -1.62822 1 0 0
    -1.62607 1 0 0
    -1.62479 1 0 0
    -1.62658 1 0 0
    -1.62566 1 0 0
    -1.62569 1 0 0
    -1.62756 1 0 0
    -1.62581 1 0 0
    -1.62488 1 0 0
      -1.627 1 0 0
    -1.62739 1 0 0
    -1.62506 1 0 0
    -1.62661 1 0 0
    -1.62655 1 0 0
    -1.62467 1 0 0
     -1.6275 1 0 0
    -1.62703 1 0 0
     -1.6242 1 0 0
    -1.62718 1 0 0
    -1.62667 1 0 0
    -1.62593 1 0 0
    -1.62894 1 0 0
    -1.62601 1 0 0
    -1.62607 1 0 0
    -1.62864 1 0 0
    -1.62733 1 1 0
    -1.62622 1 0 0
    -1.62718 1 0 0
    -1.62664 1 0 0
    -1.62691 1 0 0
    -1.62852 1 0 0
    -1.62864 1 0 0
    -1.62554 1 0 0
    -1.62885 0 0 1
    -1.54638 0 0 0
    -1.13481 0 0 0
    -1.47247 0 0 0
    -1.47611 0 0 0
      -1.495 0 0 0
    -1.49065 0 0 0
    -1.49494 0 0 0
    -1.48824 0 0 0
    -1.48788 0 0 0
    -1.48025 0 0 0
    -1.47551 0 0 0
    -1.47504 0 0 0
    -1.46919 0 0 0
    -1.46371 0 0 0
     -1.4638 0 0 0
    -1.46019 0 0 0
     -1.4548 0 0 0
    -1.45295 0 0 0
       -1.45 0 0 0
    -1.44616 0 0 0
    -1.44756 0 0 0
    -1.44243 0 0 0
    -1.43841 0 0 0
    -1.43853 0 0 0
    -1.43528 0 0 0
    -1.43325 0 0 0
     -1.4343 0 0 0
    -1.42899 0 0 0
    -1.42422 0 0 0
    -1.42705 0 0 0
    -1.42437 0 0 0
    -1.42172 0 0 0
    -1.42187 0 0 0
    -1.41808 0 0 0
    -1.41543 0 0 0
     -1.4182 0 0 0
    -1.41364 0 0 0
    -1.41054 0 0 0
    -1.41263 0 0 0
    -1.40995 0 0 0
    -1.40837 0 0 0
    -1.40968 0 0 0
    -1.40524 0 0 0
     -1.4047 0 0 0
    -1.40572 0 0 0
     -1.4016 0 0 0
    -1.40089 0 0 0
    -1.40128 0 0 0
    -1.39844 0 0 0
    -1.39564 0 0 0
    -1.39937 0 0 0
    -1.39546 0 0 0
    -1.39204 0 0 0
     -1.3946 0 0 0
    -1.38998 0 0 0
    -1.38897 0 0 0
     -1.3921 0 0 0
    -1.38712 0 0 0
    -1.38542 0 0 0
    -1.38783 0 0 1
    -1.38468 0 0 0
    -1.38307 0 0 0
    -1.38518 0 0 0
     -1.3805 0 0 0
    -1.37919 0 0 0
    -1.38158 0 0 0
     -1.3783 0 0 0
    -1.37594 0 0 0
    -1.37711 0 0 0
    -1.37362 0 0 0
    -1.37371 0 0 0
    -1.37433 0 0 0
    -1.37109 0 0 0
    -1.36894 0 0 0
    -1.37219 0 0 0
    -1.36936 0 0 0
    -1.36742 0 0 0
    -1.36977 0 0 0
    -1.36504 0 0 0
    -1.36527 0 0 0
    -1.36733 0 0 0
    -1.36474 0 0 0
    -1.36214 0 0 0
    -1.36393 0 0 0
    -1.36209 0 0 0
    -1.36045 0 0 0
    -1.36295 0 0 0
     -1.3586 0 0 0
    -1.35764 0 0 0
    -1.35994 0 0 0
    -1.35756 0 0 0
    -1.35708 0 0 0
    -1.35887 0 0 0
    -1.35541 0 0 0
    -1.35371 0 0 0
    -1.35744 0 0 0
    -1.35428 0 0 0
    -1.35317 0 0 0
    -1.35475 0 0 0
    -1.35297 0 0 0
    -1.35148 0 0 0
    -1.35463 0 0 0
    -1.34993 0 0 0
    -1.34909 0 0 0
    -1.35225 0 0 0
    -1.35028 0 0 0
    -1.35013 0 0 0
    -1.35097 0 0 0
    -1.34742 0 0 0
    -1.34692 0 0 0
    -1.35046 0 0 0
    -1.34784 0 0 0
    -1.34715 0 0 0
    -1.34921 0 0 0
    -1.34575 0 0 0
    -1.34704 0 0 0
    -1.34835 0 0 0
     -1.3445 0 0 0
    -1.34405 0 0 0
    -1.34742 0 0 1
    -1.34403 0 0 0
    -1.34471 0 0 0
    -1.34534 0 0 0
     -1.3434 0 0 0
    -1.34358 0 0 0
    -1.34328 0 0 0
    -1.34403 0 0 0
    -1.34304 0 0 0
     -1.3428 0 0 0
    -1.34128 0 0 0
     -1.3417 0 0 0
    -1.34346 0 0 0
    -1.34107 0 0 0
    -1.34045 0 0 0
    -1.34146 0 0 0
    -1.34113 0 0 0
    -1.34042 0 0 0
    -1.33899 0 0 0
    -1.33836 0 0 0
    -1.34015 0 0 0
    -1.33958 0 0 0
    -1.33902 0 0 0
    -1.33815 0 0 0
     -1.3375 0 0 0
     -1.3372 0 0 0
    -1.33812 0 0 0
    -1.33887 0 0 0
     -1.3383 0 0 0
    -1.33744 0 0 0
     -1.3372 0 0 0
    -1.33711 0 0 0
    -1.33711 0 0 0
    -1.33741 0 0 0
    -1.33544 0 0 0
     -1.3364 0 0 0
    -1.33586 0 0 0
    -1.33657 0 0 0
    -1.33526 0 0 0
    -1.33416 0 0 0
     -1.3361 0 0 0
    -1.33353 0 0 0
    -1.33532 0 0 0
    -1.33386 0 0 0
    -1.33261 0 0 0
    -1.33291 0 0 0
     -1.3333 0 0 0
    -1.33345 0 0 0
    -1.33342 0 0 0
    -1.33213 0 0 0
    -1.33198 0 0 0
    -1.33264 0 0 0
    -1.33356 0 0 0
    -1.33249 0 0 0
     -1.3307 0 0 0
    -1.33109 0 0 0
    -1.33282 0 0 0
    -1.33213 0 0 0
    -1.33273 0 0 0
    -1.32924 0 0 0
    -1.33124 0 0 1
    -1.33222 0 0 0
     -1.3319 0 0 0
    -1.32778 0 0 0
    -1.32263 0 0 0
    -1.31986 0 0 0
    -1.31673 0 0 0
    -1.31521 0 0 0
    -1.31485 0 0 0
    -1.31264 0 0 0
    -1.31395 0 0 0
    -1.31598 0 0 0
    -1.31559 0 0 0
    -1.31553 0 0 0
    -1.31845 0 0 0
    -1.31628 0 0 0
    -1.31753 0 0 0
    -1.32045 0 0 0
    -1.31857 0 0 0
    -1.31926 0 0 0
    -1.32179 0 0 0
    -1.32018 0 0 0
    -1.32266 0 0 0
    -1.32191 0 0 0
    -1.32379 0 0 0
     -1.3234 0 0 0
    -1.32328 0 0 0
    -1.32582 0 0 0
    -1.32325 0 0 0
    -1.32427 0 0 0
    -1.32468 0 0 0
     -1.3268 0 0 0
    -1.32492 0 0 0
    -1.32552 0 0 0
    -1.32346 0 0 0
    -1.32549 0 0 0
    -1.32474 0 0 0
    -1.32522 0 0 0
    -1.32659 0 0 0
    -1.32447 0 0 0
     -1.3243 0 0 0
    -1.32668 0 0 0
    -1.32564 0 0 0
    -1.32629 0 0 0
    -1.32284 0 0 0
    -1.32456 0 0 0
    -1.32537 0 0 0
    -1.32629 0 0 0
    -1.32522 0 0 0
    -1.32471 0 0 0
    -1.32442 0 0 0
    -1.32632 0 0 0
    -1.32382 0 0 0
    -1.32409 0 0 0
    -1.32519 0 0 0
    -1.32424 0 0 0
    -1.32474 0 0 0
    -1.32605 0 0 0
    -1.32316 0 0 0
    -1.32352 0 0 0
    -1.32492 0 0 1
    -1.32433 0 0 0
    -1.32367 0 0 0
    -1.32328 0 0 0
    -1.32364 0 0 0
    -1.32468 0 0 0
    -1.32269 0 0 0
    -1.32403 0 0 0
    -1.32388 0 0 0
    -1.32164 0 0 0
    -1.32242 0 0 0
    -1.32203 0 0 0
    -1.32349 0 0 0
    -1.32295 0 0 0
     -1.3217 0 0 0
    -1.32173 0 0 0
    -1.32361 0 0 0
    -1.32409 0 0 0
    -1.32364 0 0 0
    -1.32129 0 0 0
    -1.32242 0 0 0
    -1.32129 0 0 0
    -1.32161 0 0 0
     -1.3223 0 0 0
    -1.32346 0 0 0
    -1.32263 0 0 0
    -1.32287 0 0 0
    -1.32129 0 0 0
    -1.32248 0 0 0
    -1.32009 0 0 0
    -1.32108 0 0 0
    -1.32084 0 0 0
    -1.31992 0 0 0
    -1.32039 0 0 0
    -1.31786 0 0 0
    -1.31944 0 0 0
    -1.31974 0 0 0
     -1.3181 0 0 0
    -1.31789 0 0 0
    -1.31693 0 0 0
    -1.31774 0 0 0
    -1.31714 0 0 0
    -1.31747 0 0 0
    -1.31857 0 0 0
    -1.31527 0 0 0
    -1.31455 0 0 0
    -1.31831 0 0 0
    -1.31485 0 0 0
    -1.31455 0 0 0
    -1.31589 0 0 0
     -1.3141 0 0 0
    -1.31339 0 0 0
    -1.31446 0 0 0
    -1.31422 0 0 0
    -1.30934 0 0 0
    -1.31336 0 0 0
    -1.31243 0 0 0
    -1.31127 0 0 0
    -1.31249 0 0 0
    -1.30966 0 0 0
    -1.31077 0 0 1
    -1.31032 0 0 0
    -1.31038 0 0 0
    -1.30716 0 0 0
     -1.3102 0 0 0
    -1.30865 0 0 0
    -1.30755 0 0 0
    -1.30901 0 0 0
    -1.30782 0 0 0
    -1.30558 0 0 0
    -1.30588 0 0 0
    -1.30507 0 0 0
    -1.30519 0 0 0
    -1.30495 0 0 0
    -1.30317 0 0 0
    -1.30397 0 0 0
    -1.30501 0 0 0
    -1.30376 0 0 0
    -1.30314 0 0 0
     -1.3034 0 0 0
    -1.30251 0 0 0
    -1.30233 0 0 0
     -1.3029 0 0 0
    -1.30263 0 0 0
    -1.30138 0 0 0
    -1.30209 0 0 0
    -1.30185 0 0 0
    -1.30159 0 0 0
    -1.30248 0 0 0
    -1.30036 0 0 0
     -1.3015 0 0 0
    -1.30168 0 0 0
    -1.30028 0 0 0
    -1.30159 0 0 0
    -1.30242 0 0 0
    -1.29968 0 0 0
     -1.3012 0 0 0
    -1.30117 0 0 0
    -1.30028 0 0 0
    -1.30099 0 0 0
    -1.30212 0 0 0
    -1.30147 0 0 0
    -1.30165 0 0 0
    -1.30364 0 0 0
    -1.29893 0 0 0
    -1.29959 0 0 0
    -1.30323 0 0 0
    -1.29983 0 0 0
    -1.30108 0 0 0
    -1.30287 0 0 0
    -1.29876 0 0 0
    -1.30078 0 1 0
     -1.3051 0 0 0
    -1.30087 0 0 0
    -1.30078 0 0 0
    -1.30284 0 0 0
    -1.30069 0 0 0
    -1.30159 0 0 0
    -1.30439 0 0 0
    -1.29986 0 0 0
    -1.30266 1 0 1
    -1.53375 1 0 0
    -1.86121 1 0 0
    -1.45048 1 0 0
    -1.48091 1 0 0
    -1.46446 1 0 0
    -1.47071 1 0 0
    -1.47524 1 0 0
    -1.47888 1 0 0
    -1.48132 1 0 0
    -1.48869 1 0 0
    -1.48997 1 0 0
    -1.49369 1 0 0
    -1.49781 1 0 0
    -1.50079 1 0 0
     -1.5021 1 0 0
    -1.50678 1 0 0
     -1.5071 1 0 0
    -1.50913 1 0 0
      -1.513 1 0 0
    -1.51357 1 0 0
    -1.51452 1 0 0
    -1.51831 1 0 0
    -1.51971 1 0 0
    -1.52057 1 0 0
    -1.52433 1 0 0
    -1.52534 1 0 0
    -1.52597 1 0 0
    -1.52859 1 0 0
    -1.52895 1 0 0
    -1.52937 1 0 0
    -1.53345 1 0 0
    -1.53279 1 0 0
    -1.53506 1 0 0
    -1.53747 1 0 0
    -1.53553 1 0 0
    -1.53723 1 0 0
    -1.54081 1 0 0
    -1.53968 1 0 0
    -1.54006 1 0 0
    -1.54343 1 0 0
    -1.54433 1 0 0
    -1.54349 1 0 0
    -1.54743 1 0 0
    -1.54495 1 0 0
    -1.54635 1 0 0
    -1.54999 1 0 0
     -1.5476 1 0 0
    -1.54898 1 0 0
    -1.55166 1 0 0
    -1.55145 1 0 0
    -1.55282 1 0 0
    -1.55574 1 0 0
    -1.55386 1 0 0
     -1.5558 1 0 0
    -1.55583 1 0 0
    -1.55714 1 0 0
    -1.55702 1 0 0
    -1.55881 1 0 0
    -1.55923 1 0 0
    -1.55833 1 0 1
    -1.56248 1 0 0
    -1.56161 1 0 0
    -1.56203 1 0 0
    -1.56382 1 0 0
     -1.5626 1 0 0
    -1.56361 1 0 0
    -1.56751 1 0 0
    -1.56453 1 0 0
    -1.56587 1 0 0
    -1.56856 1 0 0
    -1.56876 1 0 0
    -1.56784 1 0 0
    -1.57145 1 0 0
    -1.57064 1 0 0
    -1.56984 1 0 0
    -1.57353 1 0 0
    -1.57103 1 0 0
     -1.5732 1 0 0
     -1.5744 1 0 0
    -1.57392 1 0 0
    -1.57404 1 0 0
    -1.57744 1 0 0
    -1.57478 1 0 0
    -1.57565 1 0 0
    -1.57756 1 0 0
    -1.57747 1 0 0
    -1.57809 1 0 0
    -1.58018 1 0 0
    -1.57851 1 0 0
    -1.57875 1 0 0
    -1.58045 1 0 0
    -1.58069 1 0 0
    -1.57961 1 0 0
    -1.58322 1 0 0
    -1.58101 1 0 0
    -1.58361 1 0 0
    -1.58438 1 0 0
    -1.58301 1 0 0
    -1.58498 1 0 0
    -1.58632 1 0 0
    -1.58635 1 0 0
     -1.5865 1 0 0
    -1.58772 1 0 0
    -1.58784 1 0 0
    -1.58677 1 0 0
    -1.58942 1 0 0
    -1.58975 1 0 0
    -1.58989 1 0 0
    -1.59073 1 0 0
    -1.59028 1 0 0
    -1.59022 1 0 0
    -1.59281 1 0 0
    -1.59144 1 0 0
    -1.59293 1 0 0
    -1.59311 1 0 0
    -1.59207 1 0 0
    -1.59371 1 0 0
    -1.59422 1 0 0
    -1.59299 1 0 1
    -1.59496 1 0 0
    -1.59636 1 0 0
    -1.59523 1 0 0
    -1.59693 1 0 0
     -1.5966 1 0 0
    -1.59642 1 0 0
    -1.59618 1 0 0
    -1.59827 1 0 0
    -1.59782 1 0 0
    -1.59758 1 0 0
    -1.59934 1 0 0
    -1.59854 1 0 0
    -1.59857 1 0 0
    -1.60092 1 0 0
    -1.59961 1 0 0
    -1.60027 1 0 0
    -1.60232 1 0 0
    -1.60205 1 0 0
    -1.60247 1 0 0
    -1.60328 1 0 0
    -1.60283 1 0 0
     -1.6031 1 0 0
    -1.60378 1 0 0
    -1.60426 1 0 0
    -1.60491 1 0 0
    -1.60325 1 0 0
    -1.60393 1 0 0
    -1.60563 1 0 0
    -1.60387 1 0 0
    -1.60477 1 0 0
    -1.60462 1 0 0
    -1.60614 1 0 0
    -1.60682 1 0 0
    -1.60411 1 0 0
    -1.60676 1 0 0
    -1.60444 1 0 0
    -1.60614 1 0 0
    -1.60614 1 0 0
    -1.60578 1 0 0
    -1.60509 1 0 0
    -1.60575 1 0 0
    -1.60646 1 0 0
    -1.60676 1 0 0
     -1.6064 1 0 0
    -1.60608 1 0 0
    -1.60554 1 0 0
    -1.60581 1 0 0
    -1.60676 1 0 0
    -1.60608 1 0 0
    -1.60325 1 0 0
    -1.60602 1 0 0
    -1.60712 1 0 0
    -1.60575 1 0 0
    -1.60673 1 0 0
    -1.60491 1 0 0
    -1.60491 1 0 0
    -1.60679 1 0 0
    -1.60483 1 0 0
    -1.60536 1 0 0
    -1.60578 1 0 1
    -1.60345 1 0 0
    -1.60465 1 0 0
    -1.60602 1 0 0
    -1.60673 1 0 0
    -1.60509 1 0 0
    -1.60414 1 0 0
    -1.60542 1 0 0
    -1.60515 1 0 0
    -1.60444 1 0 0
    -1.60459 1 0 0
    -1.60336 1 0 0
    -1.60384 1 0 0
    -1.60512 1 0 0
    -1.60396 1 0 0
    -1.60483 1 0 0
    -1.60396 1 0 0
    -1.60378 1 0 0
    -1.60471 1 0 0
    -1.60268 1 0 0
    -1.60271 1 0 0
    -1.60393 1 0 0
    -1.60363 1 0 0
    -1.60447 1 0 0
    -1.60429 1 0 0
    -1.60354 1 0 0
    -1.60471 1 0 0
    -1.60474 1 0 0
    -1.60444 1 0 0
    -1.60557 1 0 0
    -1.60414 1 0 0
    -1.60429 1 0 0
    -1.60477 1 0 0
    -1.60617 1 0 0
    -1.60536 1 0 0
    -1.60518 1 0 0
    -1.60441 1 0 0
    -1.60548 1 0 0
    -1.60646 1 0 0
    -1.60709 1 0 0
    -1.60575 1 0 0
    -1.60667 1 0 0
    -1.60813 1 0 0
    -1.60819 1 0 0
    -1.60742 1 0 0
    -1.60789 1 0 0
    -1.60599 1 0 0
     -1.6084 1 0 0
    -1.60751 1 0 0
    -1.60819 1 0 0
      -1.607 1 0 0
    -1.60906 1 0 0
    -1.60989 1 0 0
    -1.60894 1 0 0
     -1.6081 1 0 0
    -1.60992 1 0 0
    -1.60986 1 0 0
    -1.60906 1 0 0
    -1.61013 1 0 0
     -1.6104 1 0 0
    -1.60888 1 0 1
    -1.61064 1 0 0
    -1.61004 1 0 0
    -1.61207 1 0 0
     -1.6115 1 0 0
    -1.61025 1 0 0
    -1.61022 1 0 0
    -1.61272 1 0 0
    -1.61296 1 0 0
    -1.61093 1 0 0
    -1.61332 1 0 0
    -1.61299 1 0 0
    -1.61096 1 0 0
    -1.61439 1 0 0
    -1.61329 1 0 0
    -1.61278 1 0 0
    -1.61421 1 0 0
    -1.61475 1 0 0
    -1.61427 1 0 0
     -1.6149 1 0 0
    -1.61433 1 0 0
    -1.61207 1 0 0
    -1.61597 1 0 0
    -1.61594 1 0 0
    -1.61344 1 0 0
    -1.61621 1 0 0
    -1.61448 1 0 0
    -1.61371 1 0 0
    -1.61842 1 0 0
    -1.61669 1 0 0
    -1.61469 1 0 0
    -1.61585 1 0 0
    -1.61716 1 0 0
    -1.61541 1 0 0
    -1.61752 1 0 0
    -1.61755 1 0 0
    -1.61454 1 0 0
    -1.61871 1 0 0
    -1.61865 1 0 0
    -1.61543 1 0 0
    -1.61713 1 0 0
    -1.61988 1 0 0
    -1.61663 1 0 0
    -1.62038 1 0 0
    -1.61892 1 0 0
    -1.61612 1 0 0
    -1.61949 1 0 0
    -1.61871 1 0 0
    -1.61731 1 0 0
    -1.61991 1 0 0
    -1.61836 1 0 0
    -1.61812 1 0 0
    -1.62062 1 0 0
    -1.62077 1 0 0
    -1.61815 1 0 0
    -1.62053 1 0 0
    -1.62002 1 0 0
    -1.61901 1 0 0
    -1.62202 1 0 0
    -1.62119 1 0 0
     -1.6185 1 0 1
    -1.62175 1 0 0
     -1.6205 1 0 0
    -1.61949 1 0 0
    -1.62289 1 0 0
     -1.6211 1 0 0
    -1.61985 1 0 0
    -1.62274 1 0 0
    -1.62292 1 0 0
    -1.62137 1 0 0
    -1.62223 1 0 0
    -1.62148 1 0 0
    -1.62023 1 0 0
    -1.62455 1 0 0
    -1.62202 1 0 0
    -1.62029 1 0 0
    -1.62384 1 0 0
    -1.62351 1 0 0
    -1.62053 1 0 0
    -1.62473 1 0 0
    -1.62187 1 0 0
    -1.62101 1 0 0
     -1.6239 1 0 0
    -1.62438 1 0 0
    -1.62196 1 0 0
    -1.62524 1 0 0
    -1.62369 1 0 0
    -1.62295 1 0 0
    -1.62503 1 0 0
    -1.62408 1 0 0
    -1.62226 1 0 0
    -1.62414 1 0 0
    -1.62473 1 0 0
    -1.62265 1 0 0
      -1.625 1 0 0
     -1.6233 1 0 0
    -1.62283 1 0 0
    -1.62467 1 0 0
    -1.62545 1 0 0
    -1.62378 1 0 0
    -1.62467 1 0 0
    -1.62461 1 0 0
    -1.62306 1 0 0
    -1.62601 1 0 0
     -1.6256 1 0 0
    -1.62408 1 0 0
    -1.62569 1 0 0
    -1.62363 1 0 0
    -1.62512 1 0 0
    -1.62733 1 0 0
    -1.62458 1 0 0
    -1.62265 1 0 0
    -1.62706 1 0 0
    -1.62518 1 0 0
    -1.62479 1 0 0
    -1.62742 1 0 0
    -1.62503 1 0 0
     -1.6247 1 0 0
    -1.62667 1 0 0
    -1.62739 1 0 0
    -1.62435 1 0 1
    -1.62682 1 0 0
    -1.62566 1 0 0
    -1.62613 1 0 0
    -1.63338 1 0 0
    -1.63597 1 0 0
    -1.63558 1 0 0
    -1.64104 1 0 0
    -1.63954 1 0 0
    -1.63934 1 0 0
    -1.63996 1 0 0
    -1.63886 1 0 0
    -1.63773 1 0 0
    -1.63984 1 0 0
    -1.63892 1 0 0
      -1.636 1 0 0
    -1.63707 1 0 0
    -1.63558 1 0 0
    -1.63502 1 0 0
    -1.63606 1 0 0
    -1.63412 1 0 0
    -1.63254 1 0 0
    -1.63361 1 0 0
    -1.63266 1 0 0
    -1.63132 1 0 0
    -1.63236 1 0 0
     -1.6309 1 0 0
    -1.62849 1 0 0
    -1.63305 1 0 0
    -1.62968 1 0 0
    -1.62765 1 0 0
    -1.62953 1 0 0
    -1.62885 1 0 0
    -1.62879 1 0 0
    -1.62888 1 0 0
    -1.62676 1 0 0
    -1.62712 1 0 0
    -1.62721 1 0 0
    -1.62846 1 0 0
    -1.62536 1 0 0
    -1.62685 1 0 0
    -1.62688 1 0 0
    -1.62494 1 0 0
    -1.62685 1 0 0
    -1.62616 1 0 0
     -1.6233 1 0 0
    -1.62515 1 0 0
    -1.62461 1 0 0
    -1.62432 1 0 0
    -1.62634 1 0 0
    -1.62402 1 0 0
    -1.62247 1 0 0
    -1.62429 1 0 0
    -1.62441 1 0 0
    -1.62241 1 0 0
    -1.62315 1 0 0
    -1.62184 1 0 0
    -1.62232 1 0 0
    -1.62387 1 0 0
    -1.62083 1 0 0
    -1.61994 1 0 1
     -1.6225 1 0 0
    -1.62181 1 0 0
    -1.62184 1 0 0
    -1.62223 1 0 0
    -1.62134 1 0 0
    -1.61859 1 0 0
    -1.62131 1 0 0
    -1.61988 1 0 0
    -1.61886 1 0 0
    -1.61919 1 0 0
    -1.61815 1 0 0
    -1.61645 1 0 0
    -1.62041 1 0 0
    -1.61821 1 0 0
    -1.61654 1 0 0
    -1.61847 1 0 0
    -1.61853 1 0 0
      -1.616 1 0 0
    -1.61877 1 0 0
    -1.61567 1 0 0
    -1.61526 1 0 0
    -1.61779 1 0 0
    -1.61675 1 0 0
    -1.61588 1 0 0
    -1.61752 1 0 0
    -1.61672 1 0 0
    -1.61541 1 0 0
    -1.61716 1 0 0
    -1.61719 1 0 0
    -1.61439 1 0 0
    -1.61794 1 0 0
    -1.61719 1 0 0
    -1.61523 1 0 0
    -1.61785 1 0 0
      -1.616 1 0 0
    -1.61421 1 0 0
    -1.61886 1 0 0
    -1.61701 1 0 0
    -1.61615 1 0 0
    -1.61731 1 0 0
    -1.61555 1 0 0
    -1.61633 1 0 0
    -1.61752 1 0 0
      -1.616 1 0 0
      -1.616 1 0 0
    -1.61755 1 0 0
    -1.61722 1 0 0
    -1.61624 1 0 0
    -1.61883 1 0 0
    -1.61707 1 0 0
    -1.61487 1 0 0
    -1.61991 1 0 0
    -1.61844 1 0 0
    -1.61654 1 0 0
    -1.61877 1 0 0
    -1.61773 1 0 0
    -1.61794 1 0 0
    -1.61946 1 0 0
    -1.61865 1 0 0
    -1.61695 1 0 1
    -1.61928 1 0 0
    -1.61976 1 0 0
    -1.61892 1 0 0
    -1.61985 1 0 0
    -1.61901 1 0 0
    -1.61746 1 0 0
     -1.6208 1 0 0
    -1.61958 1 0 0
    -1.61982 1 0 0
    -1.62029 1 0 0
    -1.61859 1 0 0
    -1.62005 1 0 0
     -1.6208 1 0 0
    -1.62023 1 0 0
    -1.61955 1 0 0
    -1.62026 1 0 0
    -1.62083 1 0 0
    -1.62116 1 0 0
    -1.62122 1 0 0
    -1.62029 1 0 0
    -1.62017 1 0 0
    -1.62244 1 0 0
    -1.62178 1 0 0
    -1.62116 1 0 0
    -1.62128 1 0 0
    -1.62169 1 0 0
    -1.62259 1 0 0
    -1.62262 1 0 0
    -1.62244 1 0 0
    -1.62315 1 0 0
    -1.62172 1 0 0
    -1.62342 1 0 0
    -1.62339 1 0 0
    -1.62232 1 0 0
    -1.62399 1 0 0
    -1.62208 1 0 0
      -1.623 1 0 0
    -1.62446 1 0 0
    -1.62193 1 0 0
    -1.62327 1 0 0
    -1.62235 1 0 0
     -1.6236 1 0 0
     -1.6242 1 0 0
    -1.62277 1 0 0
    -1.62432 1 0 0
    -1.62339 1 0 0
    -1.62369 1 0 0
    -1.62476 1 0 0
      -1.623 1 0 0
    -1.62384 1 0 0
    -1.62309 1 0 0
    -1.62441 1 0 0
    -1.62601 1 0 0
    -1.62467 1 0 0
    -1.62494 1 0 0
    -1.62429 1 0 0
    -1.62661 1 0 0
    -1.62622 1 0 0
    -1.62402 1 0 0
    -1.62426 1 0 1
    -1.62476 1 0 0
     -1.6256 1 0 0
    -1.62473 1 0 0
    -1.61892 1 0 0
    -1.61469 1 0 0
    -1.61308 1 0 0
     -1.6115 1 0 0
    -1.61099 1 0 0
    -1.61079 1 0 0
    -1.61156 1 0 0
    -1.61141 1 0 0
    -1.61198 1 0 0
    -1.61409 1 0 0
    -1.61469 1 0 0
    -1.61487 1 0 0
    -1.61633 1 0 0
    -1.61666 1 0 0
    -1.61806 1 0 0
    -1.61928 1 0 0
    -1.61898 1 0 0
    -1.62095 1 0 0
    -1.62157 1 0 0
    -1.62297 1 0 0
    -1.62184 1 0 0
    -1.62292 1 0 0
    -1.62408 1 0 0
    -1.62441 1 0 0
    -1.62464 1 0 0
    -1.62548 1 0 0
    -1.62491 1 0 0
    -1.62581 1 0 0
    -1.62479 1 0 0
    -1.62718 1 0 0
    -1.62694 1 0 0
    -1.62598 1 0 0
    -1.62694 1 0 0
    -1.62655 1 0 0
    -1.62777 1 0 0
     -1.6281 1 0 0
    -1.62759 1 0 0
    -1.62873 1 0 0
    -1.62774 1 0 0
    -1.62968 1 0 0
    -1.62846 1 0 0
    -1.62777 1 0 0
    -1.63013 1 0 0
     -1.6278 1 0 0
    -1.63001 1 0 0
    -1.62867 1 0 0
    -1.62882 1 0 0
    -1.62917 1 0 0
    -1.62911 1 0 0
    -1.62989 1 0 0
    -1.62926 1 0 0
    -1.62914 1 0 0
    -1.62873 1 0 0
    -1.62914 1 0 0
    -1.63051 1 0 0
    -1.62998 1 0 0
    -1.62837 1 0 1
    -1.62879 1 0 0
    -1.62938 1 0 0
    -1.62956 1 0 0
    -1.62858 1 0 0
    -1.62902 1 0 0
    -1.63075 1 0 0
    -1.62962 1 0 0
    -1.62977 1 0 0
    -1.62929 1 0 0
     -1.6306 1 0 0
    -1.62929 1 0 0
    -1.62947 1 0 0
    -1.63147 1 0 0
    -1.62992 1 0 0
    -1.62897 1 0 0
     -1.6306 1 0 0
    -1.63075 1 0 0
     -1.6318 1 0 0
     -1.6295 1 0 0
    -1.63135 1 0 0
    -1.63102 1 0 0
    -1.63081 1 0 0
    -1.63147 1 0 0
    -1.63004 1 0 0
    -1.63046 1 0 0
    -1.63019 1 0 0
    -1.63049 1 0 0
    -1.63195 1 0 0
     -1.6287 1 0 0
    -1.62905 1 0 0
    -1.63013 1 0 0
    -1.62929 1 0 0
    -1.63013 1 0 0
     -1.6273 1 0 0
    -1.62902 1 0 0
    -1.62962 1 0 0
    -1.63108 1 0 0
    -1.62998 1 0 0
    -1.62935 1 0 0
    -1.62736 1 0 0
     -1.6275 1 0 0
    -1.62792 1 0 0
    -1.62974 1 0 0
    -1.62646 1 0 0
    -1.62652 1 0 0
    -1.62613 1 0 0
    -1.62774 1 0 0
    -1.62753 1 0 0
    -1.62539 1 0 0
    -1.62607 1 0 0
    -1.62548 1 0 0
    -1.62661 1 0 0
    -1.62601 1 0 0
    -1.62622 1 0 0
    -1.62619 1 0 0
     -1.6256 1 0 0
    -1.62268 1 0 0
    -1.62518 1 0 0
    -1.62414 1 0 0
    -1.62181 1 0 1
    -1.62357 1 0 0
    -1.62214 1 0 0
    -1.62408 1 0 0
    -1.62062 1 0 0
    -1.62229 1 0 0
    -1.62196 1 0 0
    -1.62217 1 0 0
    -1.62256 1 0 0
    -1.62053 1 0 0
    -1.62137 1 0 0
    -1.62017 1 0 0
     -1.6208 1 0 0
    -1.62059 1 0 0
    -1.61913 1 0 0
    -1.61964 1 0 0
    -1.61892 1 0 0
    -1.61913 1 0 0
    -1.61922 1 0 0
    -1.61886 1 0 0
    -1.61958 1 0 0
    -1.61824 1 0 0
    -1.61847 1 0 0
     -1.6185 1 0 0
    -1.61859 1 0 0
    -1.61871 1 0 0
    -1.61868 1 0 0
    -1.61803 1 0 0
    -1.61853 1 0 0
    -1.61818 1 0 0
    -1.61752 1 0 0
    -1.61803 1 0 0
    -1.61812 1 0 0
    -1.61886 1 0 0
    -1.61815 1 0 0
    -1.61722 1 0 0
    -1.61913 1 0 0
    -1.61779 1 0 0
    -1.61844 1 0 0
    -1.61871 1 0 0
    -1.61752 1 0 0
    -1.61681 1 0 0
    -1.61919 1 0 0
    -1.61943 1 0 0
    -1.61877 1 0 0
    -1.61842 1 0 0
    -1.61943 1 0 0
    -1.62005 1 0 0
     -1.6197 1 0 0
    -1.61988 1 0 0
    -1.61964 1 0 0
    -1.61943 1 0 0
    -1.61922 1 0 0
     -1.6197 1 0 0
     -1.6205 1 0 0
     -1.6188 1 0 0
     -1.6197 1 0 0
     -1.6216 1 0 0
    -1.62184 1 0 0
    -1.61985 1 0 0
    -1.62017 1 0 1
    -1.61991 1 0 0
    -1.62169 1 0 0
    -1.62184 1 0 0
    -1.62187 1 0 0
    -1.62017 1 0 0
    -1.62074 1 0 0
     -1.6225 1 0 0
     -1.6214 1 0 0
    -1.62131 1 0 0
    -1.62143 1 0 0
    -1.62214 1 0 0
    -1.62193 1 0 0
    -1.62333 1 0 0
    -1.62259 1 0 0
    -1.62169 1 0 0
    -1.62199 1 0 0
     -1.6228 1 0 0
    -1.62274 1 0 0
    -1.62256 1 0 0
    -1.62187 1 0 0
    -1.62166 1 0 0
    -1.62175 1 0 0
    -1.62387 1 0 0
     -1.6225 1 0 0
    -1.62354 1 0 0
    -1.62292 1 0 0
     -1.6225 1 0 0
    -1.62518 1 0 0
     -1.6236 1 0 0
    -1.62417 1 0 0
    -1.62321 1 0 0
    -1.62435 1 0 0
    -1.62408 1 0 0
    -1.62503 1 0 0
    -1.62277 1 0 0
    -1.62357 1 0 0
    -1.62503 1 0 0
    -1.62601 1 0 0
     -1.6256 1 0 0
    -1.62461 1 0 0
    -1.62369 1 0 0
    -1.62497 1 0 0
     -1.6256 1 0 0
    -1.62482 1 0 0
     -1.6247 1 0 0
    -1.62354 1 0 0
    -1.62408 1 0 0
    -1.62673 1 0 0
    -1.62494 1 0 0
    -1.62488 1 0 0
    -1.62509 1 0 0
    -1.62557 1 0 0
    -1.62569 1 0 0
    -1.62613 1 0 0
    -1.62619 1 0 0
    -1.62533 1 0 0
     -1.6259 1 0 0
    -1.62548 1 0 0
    -1.62667 1 0 1
    -1.62616 1 0 0
    -1.62628 1 0 0
    -1.62631 1 0 0
    -1.62596 1 0 0
    -1.62676 1 0 0
     -1.6256 1 0 0
    -1.62587 1 0 0
    -1.62736 1 0 0
    -1.62685 1 0 0
      -1.627 1 0 0
    -1.62739 1 0 0
    -1.62569 1 0 0
    -1.62753 1 0 0
    -1.62709 1 0 0
    -1.62745 1 0 0
     -1.6284 1 0 0
    -1.62646 1 0 0
    -1.62631 1 0 0
    -1.62706 1 0 0
    -1.62771 1 0 0
    -1.62652 1 0 0
    -1.62709 1 0 0
     -1.6281 1 0 0
    -1.62864 1 0 0
     -1.6287 1 0 0
    -1.62679 1 0 0
    -1.62819 1 0 0
    -1.62846 1 0 0
    -1.62804 1 0 0
     -1.6275 1 0 0
    -1.62879 1 0 0
    -1.62706 1 0 0
    -1.62739 1 0 0
    -1.62888 1 0 0
    -1.62879 1 0 0
    -1.62864 1 0 0
    -1.62765 1 0 0
    -1.62786 1 0 0
    -1.62813 1 0 0
    -1.62986 1 0 0
    -1.62846 1 0 0
    -1.62882 1 0 0
    -1.63004 1 0 0
    -1.62905 1 0 0
     -1.6275 1 0 0
    -1.62956 1 0 0
    -1.62905 1 0 0
    -1.62718 1 0 0
    -1.62953 1 0 0
    -1.62888 1 0 0
    -1.62938 1 0 0
    -1.62843 1 0 0
    -1.62837 1 0 0
    -1.62917 1 0 0
    -1.62917 1 0 0
    -1.62998 1 0 0
    -1.62879 1 0 0
    -1.62899 1 0 0
    -1.63007 1 0 0
    -1.63031 1 0 1
    -1.62962 1 0 0
    -1.63049 1 0 0
    -1.62902 1 0 0
    -1.63102 1 0 0
    -1.63004 1 0 0
    -1.63034 1 0 0
    -1.62831 1 0 0
    -1.62971 1 0 0
    -1.63135 1 0 0
    -1.63013 1 0 0
    -1.62968 1 0 0
    -1.63063 1 0 0
    -1.62929 1 0 0
    -1.63215 1 0 0
    -1.63093 1 0 0
    -1.63138 1 0 0
    -1.63078 1 0 0
    -1.63123 1 0 0
    -1.63066 1 0 0
    -1.62935 1 0 0
    -1.63102 1 0 0
    -1.63016 1 0 0
    -1.63043 1 0 0
    -1.63069 1 0 0
    -1.63147 1 0 0
    -1.63031 1 0 0
    -1.62947 1 0 0
    -1.63102 1 0 0
    -1.63117 1 0 0
    -1.62986 1 0 0
    -1.62971 1 0 0
    -1.62956 1 0 0
     -1.6306 1 0 0
    -1.62849 1 0 0
     -1.6301 1 0 0
    -1.62861 1 0 0
    -1.62843 1 0 0
    -1.62891 1 0 0
    -1.62938 1 0 0
    -1.62932 1 0 0
    -1.62879 1 0 0
    -1.62709 1 0 0
    -1.62879 1 0 0
    -1.62983 1 0 0
    -1.62798 1 0 0
    -1.62947 1 0 0
    -1.62706 1 0 0
     -1.6273 1 0 0
    -1.62685 1 0 0
    -1.62613 1 0 0
    -1.62652 1 0 0
    -1.62607 1 0 0
    -1.62569 1 0 0
     -1.6259 1 0 0
    -1.62485 1 0 0
    -1.62461 1 0 0
    -1.62354 1 0 0
    -1.62327 1 0 0
    -1.62455 1 0 0
    -1.62387 1 0 1
    -1.62292 1 0 0
    -1.62369 1 0 0
    -1.62348 1 0 0
    -1.62327 1 0 0
    -1.62244 1 0 0
    -1.61681 1 0 0
    -1.61868 1 0 0
    -1.62798 1 0 0
    -1.62178 1 0 0
    -1.62086 1 0 0
    -1.61883 1 0 0
    -1.61952 1 0 0
    -1.61991 1 0 0
    -1.62157 1 0 0
    -1.62116 1 0 0
    -1.62157 1 0 0
    -1.61913 1 0 0
    -1.61794 1 0 0
    -1.62047 1 0 0
    -1.61877 1 0 0
    -1.61865 1 0 0
    -1.61853 1 0 0
    -1.61818 1 0 0
    -1.61871 1 0 0
    -1.61865 1 0 0
    -1.61776 1 0 0
    -1.61707 1 0 0
    -1.61788 1 0 0
    -1.61836 1 0 0
    -1.61749 1 0 0
    -1.61907 1 0 0
      -1.618 1 0 0
    -1.61749 1 0 0
    -1.61821 1 0 0
    -1.61871 1 0 0
    -1.61803 1 0 0
    -1.61809 1 0 0
    -1.61862 1 0 0
    -1.61946 1 0 0
    -1.61779 1 0 0
    -1.61865 1 0 0
    -1.61839 1 0 0
    -1.61806 1 0 0
    -1.62011 1 0 0
    -1.61973 1 0 0
    -1.61904 1 0 0
    -1.61946 1 0 0
    -1.61865 1 0 0
    -1.62065 1 0 0
    -1.62005 1 0 0
    -1.61952 1 0 0
    -1.61898 1 0 0
    -1.61853 1 0 0
    -1.61976 1 0 0
    -1.61979 1 0 0
     -1.6202 1 0 0
    -1.62038 1 0 0
    -1.61958 1 0 0
     -1.6208 1 0 0
    -1.62178 1 0 1
    -1.61937 1 0 0
    -1.62095 1 0 0
    -1.62023 1 0 0
    -1.62154 1 0 0
    -1.62145 1 0 0
    -1.61958 1 0 0
    -1.62089 1 0 0
    -1.62208 1 0 0
    -1.62235 1 0 0
    -1.62143 1 0 0
    -1.62092 1 0 0
    -1.62238 1 0 0
    -1.62229 1 0 0
      -1.623 1 0 0
    -1.62223 1 0 0
    -1.62208 1 0 0
    -1.62292 1 0 0
    -1.62268 1 0 0
    -1.62187 1 0 0
    -1.62223 1 0 0
    -1.62223 1 0 0
    -1.62297 1 0 0
    -1.62309 1 0 0
    -1.62387 1 0 0
    -1.62381 1 0 0
    -1.62217 1 0 0
    -1.62327 1 0 0
    -1.62497 1 0 0
    -1.62417 1 0 0
    -1.62405 1 0 0
    -1.62497 1 0 0
      -1.623 1 0 0
    -1.62289 1 0 0
    -1.62446 1 0 0
    -1.62441 1 0 0
     -1.6236 1 0 0
    -1.62494 1 0 0
    -1.62348 1 0 0
    -1.62476 1 0 0
    -1.62432 1 0 0
    -1.62479 1 0 0
    -1.62476 1 0 0
    -1.62482 1 0 0
    -1.62488 1 0 0
    -1.62607 1 0 0
    -1.62625 1 0 0
    -1.62414 1 0 0
    -1.62506 1 0 0
    -1.62709 1 0 0
    -1.62476 1 0 0
    -1.62432 1 0 0
    -1.62646 1 0 0
    -1.62503 1 0 0
    -1.62414 1 0 0
    -1.62727 1 0 0
    -1.62479 1 0 0
    -1.62593 1 0 0
    -1.62569 1 0 0
    -1.62539 1 0 0
    -1.62584 1 0 1
    -1.62649 1 0 0
    -1.62578 1 0 0
    -1.62575 1 0 0
    -1.62789 1 0 0
    -1.62613 1 0 0
    -1.62604 1 0 0
    -1.62801 1 0 0
    -1.62473 1 0 0
    -1.62661 1 0 0
    -1.62902 1 0 0
    -1.62521 1 0 0
    -1.62646 1 0 0
    -1.62843 1 0 0
    -1.62664 1 0 0
    -1.62724 1 0 0
    -1.62759 1 0 0
    -1.62631 1 0 0
    -1.62694 1 0 0
     -1.6295 1 0 0
    -1.62655 1 0 0
    -1.62628 1 0 0
    -1.62801 1 0 0
    -1.62548 1 0 0
    -1.62739 1 0 0
    -1.63007 1 0 0
    -1.62688 1 0 0
    -1.62724 1 0 0
    -1.62801 1 0 0
    -1.62736 1 0 0
    -1.62831 1 0 0
    -1.62902 1 0 0
    -1.62706 1 0 0
    -1.62789 1 0 0
    -1.62989 1 0 0
    -1.62759 1 0 0
     -1.6273 1 0 0
    -1.62888 1 0 0
    -1.62783 1 0 0
    -1.62858 1 0 0
    -1.62998 1 0 0
    -1.62724 1 0 0
     -1.6284 1 0 0
    -1.62879 1 0 0
    -1.62914 1 0 0
    -1.62917 1 0 0
    -1.62938 1 0 0
    -1.62885 1 0 0
     -1.6278 1 0 0
    -1.63022 1 0 0
    -1.62897 1 0 0
    -1.62783 1 0 0
    -1.62995 1 1 0
    -1.62813 1 0 0
    -1.63069 1 0 0
    -1.63004 1 0 0
    -1.62777 1 0 0
    -1.62902 1 0 0
    -1.62968 1 0 0
    -1.62947 1 0 0
    -1.62923 0 0 1
    -1.51485 0 0 0
    -1.11654 0 0 0
    -1.52439 0 0 0
     -1.4613 0 0 0
    -1.50815 0 0 0
    -1.48565 0 0 0
    -1.50025 0 0 0
    -1.48866 0 0 0
    -1.48946 0 0 0
    -1.48278 0 0 0
    -1.47828 0 0 0
     -1.4753 0 0 0
    -1.47179 0 0 0
     -1.4675 0 0 0
    -1.46523 0 0 0
    -1.46174 0 0 0
    -1.45754 0 0 0
    -1.45599 0 0 0
    -1.45552 0 0 0
    -1.44827 0 0 0
    -1.44827 0 0 0
    -1.44592 0 0 0
      -1.441 0 0 0
    -1.44061 0 0 0
     -1.4393 0 0 0
     -1.4348 0 0 0
    -1.43272 0 0 0
    -1.43251 0 0 0
    -1.42995 0 0 0
    -1.42834 0 0 0
    -1.42661 0 0 0
    -1.42407 0 0 0
    -1.42145 0 0 0
    -1.42327 0 0 0
    -1.42011 0 0 0
    -1.41573 0 0 0
    -1.41835 0 0 0
    -1.41391 0 0 0
    -1.41525 0 0 0
    -1.41361 0 0 0
    -1.41087 0 0 0
    -1.40971 0 0 0
    -1.40962 0 0 0
     -1.4081 0 0 0
    -1.40801 0 0 0
    -1.40414 0 0 0
    -1.40193 0 0 0
    -1.40491 0 0 0
    -1.40199 0 0 0
    -1.40035 0 0 0
    -1.39883 0 0 0
    -1.39815 0 0 0
    -1.39591 0 0 0
    -1.39591 0 0 0
    -1.39531 0 0 0
    -1.39138 0 0 0
    -1.39016 0 0 0
    -1.39222 0 0 0
    -1.38983 0 0 0
    -1.38777 0 0 1
    -1.38801 0 0 0
    -1.38718 0 0 0
    -1.38375 0 0 0
     -1.3862 0 0 0
    -1.38333 0 0 0
    -1.38116 0 0 0
    -1.38193 0 0 0
    -1.37964 0 0 0
    -1.37976 0 0 0
    -1.37711 0 0 0
    -1.37731 0 0 0
    -1.37621 0 0 0
    -1.37436 0 0 0
    -1.37347 0 0 0
    -1.37547 0 0 0
    -1.37022 0 0 0
    -1.37025 0 0 0
    -1.37129 0 0 0
    -1.37076 0 0 0
    -1.36819 0 0 0
    -1.36694 0 0 0
    -1.36602 0 0 0
    -1.36524 0 0 0
    -1.36712 0 0 0
    -1.36492 0 0 0
    -1.36131 0 0 0
    -1.36352 0 0 0
    -1.36462 0 0 0
     -1.3594 0 0 0
    -1.36048 0 0 0
    -1.36256 0 0 0
     -1.3597 0 0 0
    -1.35919 0 0 0
    -1.35961 0 0 0
    -1.35779 0 0 0
    -1.35761 0 0 0
    -1.35818 0 0 0
    -1.35615 0 0 0
    -1.35553 0 0 0
    -1.35821 0 0 0
    -1.35577 0 0 0
    -1.35335 0 0 0
    -1.35458 0 0 0
    -1.35383 0 0 0
     -1.3558 0 0 0
    -1.35195 0 0 0
     -1.3513 0 0 0
    -1.35309 0 0 0
    -1.35186 0 0 0
    -1.35031 0 0 0
    -1.35198 0 0 0
    -1.34942 0 0 0
    -1.34975 0 0 0
    -1.35231 0 0 0
    -1.34978 0 0 0
    -1.34778 0 0 0
    -1.34826 0 0 0
    -1.35055 0 0 0
    -1.34787 0 0 0
    -1.34733 0 0 1
    -1.34942 0 0 0
    -1.34647 0 0 0
    -1.34593 0 0 0
    -1.34867 0 0 0
     -1.3473 0 0 0
    -1.34593 0 0 0
    -1.34569 0 0 0
    -1.34298 0 0 0
    -1.34698 0 0 0
    -1.34397 0 0 0
    -1.34286 0 0 0
    -1.34599 0 0 0
    -1.34528 0 0 0
    -1.34215 0 0 0
     -1.3451 0 0 0
    -1.34432 0 0 0
    -1.34069 0 0 0
    -1.34242 0 0 0
    -1.34486 0 0 0
    -1.34015 0 0 0
     -1.3428 0 0 0
    -1.34155 0 0 0
    -1.33836 0 0 0
    -1.34179 0 0 0
    -1.34391 0 0 0
    -1.33723 0 0 0
    -1.34206 0 0 0
    -1.34131 0 0 0
    -1.33783 0 0 0
    -1.34149 0 0 0
    -1.34194 0 0 0
    -1.33523 0 0 0
    -1.34003 0 0 0
    -1.34051 0 0 0
    -1.33717 0 0 0
    -1.33988 0 0 0
    -1.33929 0 0 0
    -1.33398 0 0 0
    -1.33899 0 0 0
    -1.34045 0 0 0
    -1.33371 0 0 0
    -1.33809 0 0 0
    -1.33762 0 0 0
    -1.33577 0 0 0
    -1.33657 0 0 0
    -1.33747 0 0 0
    -1.33568 0 0 0
    -1.33473 0 0 0
    -1.33717 0 0 0
    -1.33565 0 0 0
    -1.33362 0 0 0
    -1.33529 0 0 0
    -1.33532 0 0 0
    -1.33377 0 0 0
    -1.33577 0 0 0
    -1.33428 0 0 0
    -1.33136 0 0 0
     -1.3338 0 0 0
    -1.33461 0 0 0
    -1.33336 0 0 1
     -1.3341 0 0 0
    -1.33353 0 0 0
    -1.32781 0 0 0
     -1.3276 0 0 0
    -1.32301 0 0 0
     -1.3158 0 0 0
    -1.31884 0 0 0
    -1.31664 0 0 0
    -1.31482 0 0 0
    -1.31765 0 0 0
    -1.31971 0 0 0
    -1.31553 0 0 0
    -1.31831 0 0 0
    -1.31962 0 0 0
    -1.32111 0 0 0
     -1.3189 0 0 0
    -1.32245 0 0 0
    -1.32242 0 0 0
    -1.32242 0 0 0
     -1.3254 0 0 0
    -1.32537 0 0 0
    -1.32427 0 0 0
    -1.32683 0 0 0
    -1.32713 0 0 0
    -1.32543 0 0 0
    -1.32787 0 0 0
    -1.32814 0 0 0
    -1.32567 0 0 0
     -1.3279 0 0 0
    -1.32892 0 0 0
    -1.32596 0 0 0
    -1.32746 0 0 0
    -1.32886 0 0 0
    -1.32716 0 0 0
    -1.32933 0 0 0
    -1.32886 0 0 0
     -1.3276 0 0 0
    -1.32909 0 0 0
    -1.32811 0 0 0
    -1.32683 0 0 0
    -1.32921 0 0 0
    -1.32763 0 0 0
    -1.32692 0 0 0
    -1.32859 0 0 0
     -1.3296 0 0 0
    -1.32608 0 0 0
    -1.32787 0 0 0
    -1.32796 0 0 0
    -1.32698 0 0 0
    -1.32817 0 0 0
    -1.32772 0 0 0
    -1.32468 0 0 0
    -1.32805 0 0 0
    -1.32763 0 0 0
    -1.32573 0 0 0
    -1.32811 0 0 0
    -1.32772 0 0 0
    -1.32462 0 0 0
    -1.32734 0 0 0
    -1.32823 0 0 1
    -1.32543 0 0 0
    -1.32647 0 0 0
    -1.32653 0 0 0
    -1.32456 0 0 0
    -1.32799 0 0 0
    -1.32686 0 0 0
    -1.32382 0 0 0
    -1.32474 0 0 0
    -1.32638 0 0 0
    -1.32513 0 0 0
    -1.32763 0 0 0
    -1.32626 0 0 0
    -1.32594 0 0 0
    -1.32492 0 0 0
    -1.32725 0 0 0
    -1.32656 0 0 0
    -1.32427 0 0 0
    -1.32602 0 0 0
    -1.32546 0 0 0
    -1.32442 0 0 0
    -1.32632 0 0 0
    -1.32567 0 0 0
    -1.32367 0 0 0
    -1.32513 0 0 0
     -1.3245 0 0 0
    -1.32188 0 0 0
    -1.32301 0 0 0
    -1.32328 0 0 0
    -1.32206 0 0 0
    -1.32468 0 0 0
    -1.32355 0 0 0
     -1.3203 0 0 0
    -1.32322 0 0 0
     -1.3229 0 0 0
    -1.32188 0 0 0
    -1.32275 0 0 0
    -1.32132 0 0 0
    -1.32009 0 0 0
    -1.32209 0 0 0
    -1.32105 0 0 0
    -1.31854 0 0 0
     -1.3195 0 0 0
    -1.31956 0 0 0
    -1.31696 0 0 0
     -1.3203 0 0 0
    -1.31845 0 0 0
    -1.31595 0 0 0
    -1.31807 0 0 0
    -1.31792 0 0 0
    -1.31688 0 0 0
    -1.31738 0 0 0
    -1.31521 0 0 0
    -1.31556 0 0 0
    -1.31473 0 0 0
      -1.315 0 0 0
    -1.31497 0 0 0
    -1.31404 0 0 0
     -1.3124 0 0 0
    -1.31449 0 0 0
    -1.31288 0 0 1
    -1.31282 0 0 0
    -1.31038 0 0 0
    -1.31258 0 0 0
     -1.3113 0 0 0
    -1.31133 0 0 0
    -1.31115 0 0 0
    -1.30993 0 0 0
    -1.30954 0 0 0
    -1.31118 0 0 0
    -1.30934 0 0 0
    -1.30984 0 0 0
    -1.30719 0 0 0
    -1.30633 0 0 0
    -1.30743 0 0 0
    -1.30671 0 0 0
    -1.30737 0 0 0
    -1.30674 0 0 0
    -1.30507 0 0 0
    -1.30555 0 0 0
    -1.30621 0 0 0
    -1.30549 0 0 0
    -1.30421 0 0 0
    -1.30421 0 0 0
    -1.30457 0 0 0
    -1.30522 0 0 0
    -1.30337 0 0 0
    -1.30296 0 0 0
    -1.30281 0 0 0
    -1.30308 0 0 0
    -1.30421 0 0 0
    -1.30445 0 0 0
    -1.30254 0 0 0
    -1.30391 0 0 0
    -1.30323 0 0 0
     -1.3037 0 0 0
    -1.30334 0 0 0
    -1.30281 0 0 0
    -1.30364 0 0 0
    -1.30391 0 0 0
    -1.30337 0 0 0
    -1.30516 0 0 0
    -1.30272 0 0 0
    -1.30364 0 0 0
    -1.30332 0 0 0
    -1.30346 0 0 0
    -1.30409 0 0 0
    -1.30159 0 0 0
    -1.30337 0 0 0
    -1.30332 0 0 0
    -1.30433 0 0 0
    -1.30397 0 1 0
    -1.30254 0 0 0
    -1.30352 0 0 0
    -1.30287 0 0 0
    -1.30355 0 0 0
    -1.30001 0 0 0
    -1.30838 0 0 0
    -1.30185 0 0 0
    -1.30472 0 0 0
    -1.30787 1 0 1
     -1.6326 1 0 0
    -1.80432 1 0 0
    -1.43915 1 0 0
     -1.4824 1 0 0
    -1.46875 1 0 0
    -1.47346 1 0 0
    -1.47563 1 0 0
    -1.48144 1 0 0
    -1.48642 1 0 0
    -1.48946 1 0 0
    -1.49366 1 0 0
    -1.49634 1 0 0
    -1.49757 1 0 0
    -1.50168 1 0 0
    -1.50651 1 0 0
    -1.50746 1 0 0
    -1.50922 1 0 0
    -1.51107 1 0 0
    -1.51235 1 0 0
    -1.51637 1 0 0
    -1.51888 1 0 0
     -1.5195 1 0 0
    -1.52132 1 0 0
    -1.52409 1 0 0
    -1.52501 1 0 0
    -1.52755 1 0 0
    -1.52823 1 0 0
    -1.53038 1 0 0
    -1.53053 1 0 0
    -1.53336 1 0 0
    -1.53524 1 0 0
    -1.53473 1 0 0
    -1.53664 1 0 0
    -1.53777 1 0 0
     -1.5392 1 0 0
    -1.54099 1 0 0
     -1.5412 1 0 0
     -1.5406 1 0 0
    -1.54343 1 0 0
    -1.54442 1 0 0
    -1.54558 1 0 0
    -1.54704 1 0 0
    -1.54695 1 0 0
    -1.54823 1 0 0
    -1.54921 1 0 0
    -1.55053 1 0 0
    -1.55059 1 0 0
    -1.55124 1 0 0
    -1.55336 1 0 0
     -1.5538 1 0 0
    -1.55634 1 0 0
    -1.55631 1 0 0
    -1.55661 1 0 0
    -1.55693 1 0 0
    -1.55905 1 0 0
    -1.55976 1 0 0
    -1.55938 1 0 0
    -1.56003 1 0 0
    -1.56179 1 0 1
    -1.56239 1 0 0
    -1.56289 1 0 0
    -1.56388 1 0 0
     -1.5637 1 0 0
    -1.56567 1 0 0
    -1.56552 1 0 0
    -1.56701 1 0 0
    -1.56805 1 0 0
    -1.56665 1 0 0
     -1.5676 1 0 0
    -1.57073 1 0 0
    -1.57014 1 0 0
    -1.56948 1 0 0
    -1.57109 1 0 0
    -1.57034 1 0 0
    -1.57282 1 0 0
     -1.5738 1 0 0
    -1.57309 1 0 0
    -1.57326 1 0 0
    -1.57583 1 0 0
    -1.57624 1 0 0
    -1.57657 1 0 0
    -1.57809 1 0 0
     -1.5763 1 0 0
     -1.5783 1 0 0
    -1.57925 1 0 0
    -1.57896 1 0 0
    -1.57923 1 0 0
    -1.58095 1 0 0
    -1.58128 1 0 0
    -1.58224 1 0 0
    -1.58179 1 0 0
     -1.5831 1 0 0
    -1.58194 1 0 0
    -1.58393 1 0 0
     -1.5839 1 0 0
    -1.58608 1 0 0
    -1.58444 1 0 0
    -1.58507 1 0 0
    -1.58554 1 0 0
     -1.5884 1 0 0
     -1.5882 1 0 0
    -1.58739 1 0 0
    -1.58724 1 0 0
    -1.58915 1 0 0
    -1.58903 1 0 0
    -1.59001 1 0 0
    -1.59094 1 0 0
    -1.59079 1 0 0
    -1.59094 1 0 0
    -1.59299 1 0 0
    -1.59156 1 0 0
    -1.59293 1 0 0
    -1.59293 1 0 0
     -1.5927 1 0 0
    -1.59436 1 0 0
    -1.59585 1 0 0
    -1.59591 1 0 0
    -1.59511 1 0 0
    -1.59565 1 0 1
    -1.59511 1 0 0
    -1.59761 1 0 0
    -1.59657 1 0 0
    -1.59696 1 0 0
    -1.59726 1 0 0
      -1.598 1 0 0
    -1.59881 1 0 0
     -1.5986 1 0 0
    -1.59872 1 0 0
    -1.59937 1 0 0
     -1.6005 1 0 0
    -1.60098 1 0 0
    -1.60071 1 0 0
    -1.60173 1 0 0
    -1.60238 1 0 0
    -1.60259 1 0 0
    -1.60426 1 0 0
     -1.6039 1 0 0
    -1.60268 1 0 0
    -1.60319 1 0 0
    -1.60468 1 0 0
    -1.60539 1 0 0
    -1.60447 1 0 0
    -1.60384 1 0 0
    -1.60563 1 0 0
    -1.60563 1 0 0
    -1.60533 1 0 0
    -1.60554 1 0 0
    -1.60515 1 0 0
    -1.60497 1 0 0
    -1.60748 1 0 0
    -1.60667 1 0 0
    -1.60617 1 0 0
    -1.60477 1 0 0
    -1.60554 1 0 0
    -1.60661 1 0 0
    -1.60608 1 0 0
    -1.60748 1 0 0
    -1.60617 1 0 0
     -1.6064 1 0 0
    -1.60801 1 0 0
    -1.60801 1 0 0
     -1.6073 1 0 0
    -1.60673 1 0 0
    -1.60655 1 0 0
    -1.60632 1 0 0
    -1.60787 1 0 0
    -1.60715 1 0 0
    -1.60646 1 0 0
    -1.60801 1 0 0
    -1.60685 1 0 0
    -1.60682 1 0 0
     -1.6064 1 0 0
    -1.60608 1 0 0
    -1.60539 1 0 0
    -1.60721 1 0 0
