Time: 2017/06/29 15:56
Range: 250VDC
Sample rate: 60
Remark: +39.90425110, -89.04334259

    -1.39126 1 0 0
    -1.39034 1 0 0
    -1.38968 1 0 0
    -1.39093 1 0 0
    -1.39093 1 0 0
    -1.39076 1 0 0
    -1.39073 1 0 0
    -1.39076 1 0 0
    -1.39046 1 0 0
    -1.39078 1 0 0
    -1.38983 1 0 0
    -1.39126 1 0 0
    -1.39087 1 0 0
    -1.39132 1 0 0
    -1.39183 1 0 0
    -1.39162 1 0 0
     -1.3915 1 0 0
    -1.39141 1 0 0
    -1.39067 1 0 0
    -1.39195 1 0 0
    -1.39078 1 0 0
     -1.3926 1 0 0
     -1.3912 1 0 0
    -1.39198 1 0 0
    -1.39305 1 0 0
    -1.39251 1 0 0
    -1.39201 1 0 0
    -1.39266 1 0 0
    -1.39272 1 0 0
    -1.39147 1 0 0
    -1.39159 1 0 0
     -1.3932 1 0 1
    -1.39222 1 0 0
    -1.39186 1 0 0
    -1.39159 1 0 0
     -1.3929 1 0 0
    -1.39347 1 0 0
    -1.39299 1 0 0
    -1.39263 1 0 0
    -1.39204 1 0 0
    -1.39308 1 0 0
     -1.3926 1 0 0
    -1.39281 1 0 0
    -1.39216 1 0 0
    -1.39201 1 0 0
    -1.39394 1 0 0
    -1.39344 1 0 0
    -1.39287 1 0 0
    -1.39377 1 0 0
    -1.39266 1 0 0
    -1.39412 1 0 0
    -1.39403 1 0 0
    -1.39272 1 0 0
    -1.39371 1 0 0
    -1.39269 1 0 0
    -1.39424 1 0 0
    -1.39293 1 0 0
    -1.39308 1 0 0
    -1.39266 1 0 0
    -1.39418 1 0 0
    -1.39388 1 0 0
    -1.39397 1 0 0
    -1.39359 1 0 0
    -1.39505 1 0 0
    -1.39478 1 0 0
    -1.39579 1 0 0
    -1.39445 1 0 0
    -1.39353 1 0 0
    -1.39531 1 0 0
      -1.394 1 0 0
    -1.39427 1 0 0
    -1.39433 1 0 0
    -1.39478 1 0 0
    -1.39356 1 0 0
    -1.39391 1 0 0
    -1.39418 1 0 0
    -1.39418 1 0 0
    -1.39454 1 0 0
    -1.39463 1 0 0
    -1.39478 1 0 0
    -1.39451 1 0 0
    -1.39451 1 0 0
    -1.39496 1 0 0
    -1.39478 1 0 0
    -1.39341 1 0 0
    -1.39466 1 0 0
    -1.39549 1 0 0
    -1.39496 1 0 0
    -1.39472 1 0 0
    -1.39549 1 0 0
     -1.3946 1 0 0
    -1.39555 1 0 1
    -1.39496 1 0 0
    -1.39511 1 0 0
    -1.39603 1 0 0
     -1.3949 1 0 0
    -1.39534 1 0 0
    -1.39484 1 0 0
    -1.39445 1 0 0
     -1.3943 1 0 0
    -1.39651 1 0 0
    -1.39484 1 0 0
    -1.39517 1 0 0
    -1.39597 1 0 0
    -1.39618 1 0 0
    -1.39511 1 0 0
    -1.39555 1 0 0
    -1.39531 1 0 0
    -1.39382 1 0 0
    -1.39537 1 0 0
    -1.39561 1 0 0
    -1.39523 1 0 0
     -1.3963 1 0 0
    -1.39609 1 0 0
    -1.39555 1 0 0
    -1.39496 1 0 0
    -1.39517 1 0 0
    -1.39484 1 0 0
    -1.39552 1 0 0
     -1.3957 1 0 0
    -1.39651 1 0 0
    -1.39576 1 0 0
    -1.39531 1 0 0
    -1.39689 1 0 0
    -1.39546 1 0 0
    -1.39636 1 0 0
    -1.39615 1 0 0
    -1.39597 1 0 0
    -1.39546 1 0 0
    -1.39567 1 0 0
    -1.39689 1 0 0
    -1.39642 1 0 0
    -1.39633 1 0 0
    -1.39654 1 0 0
    -1.39511 1 0 0
    -1.39615 1 0 0
    -1.39579 1 0 0
    -1.39523 1 0 0
    -1.39549 1 0 0
    -1.39642 1 0 0
    -1.39624 1 0 0
    -1.39675 1 0 0
    -1.39701 1 0 0
    -1.39609 1 0 0
    -1.39651 1 0 0
    -1.39624 1 0 0
    -1.39695 1 0 0
    -1.39597 1 0 0
    -1.39666 1 0 0
    -1.39698 1 0 0
    -1.39678 1 0 0
    -1.39526 1 0 1
    -1.39734 1 0 0
    -1.39603 1 0 0
     -1.3963 1 0 0
    -1.39669 1 0 0
    -1.39728 1 0 0
    -1.39686 1 0 0
    -1.39722 1 0 0
    -1.39728 1 0 0
    -1.39716 1 0 0
    -1.39648 1 0 0
    -1.39788 1 0 0
    -1.39716 1 0 0
    -1.39621 1 0 0
    -1.39663 1 0 0
    -1.39734 1 0 0
    -1.39651 1 0 0
    -1.39651 1 0 0
    -1.39755 1 0 0
    -1.39725 1 0 0
    -1.39755 1 0 0
    -1.39737 1 0 0
      -1.398 1 0 0
    -1.39704 1 0 0
    -1.39761 1 0 0
    -1.39716 1 0 0
    -1.39749 1 0 0
    -1.39695 1 0 0
    -1.39716 1 0 0
    -1.39666 1 0 0
    -1.39704 1 0 0
    -1.39722 1 0 0
    -1.39713 1 0 0
    -1.39764 1 0 0
    -1.39806 1 0 0
    -1.39716 1 0 0
    -1.39776 1 0 0
    -1.39853 1 0 0
     -1.3974 1 0 0
    -1.39791 1 0 0
    -1.39835 1 0 0
    -1.39821 1 0 0
    -1.39683 1 0 0
    -1.39859 1 0 0
    -1.39767 1 0 0
    -1.39701 1 0 0
    -1.39895 1 0 0
    -1.39773 1 0 0
    -1.39761 1 0 0
    -1.39853 1 0 0
    -1.39824 1 0 0
    -1.39675 1 0 0
    -1.39758 1 0 0
    -1.39827 1 0 0
    -1.39764 1 0 0
    -1.39809 1 0 0
    -1.39871 1 0 0
    -1.39764 1 0 0
    -1.39716 1 0 0
    -1.39779 1 0 0
    -1.39868 1 0 1
    -1.39841 1 0 0
    -1.39853 1 0 0
    -1.39827 1 0 0
    -1.39835 1 0 0
    -1.39868 1 0 0
    -1.39868 1 0 0
    -1.39853 1 0 0
     -1.3985 1 0 0
    -1.39803 1 0 0
    -1.39827 1 0 0
    -1.39764 1 0 0
    -1.39856 1 0 0
    -1.39788 1 0 0
    -1.39761 1 0 0
    -1.39835 1 0 0
    -1.39913 1 0 0
    -1.39815 1 0 0
    -1.39859 1 0 0
    -1.39919 1 0 0
    -1.39892 1 0 0
    -1.39803 1 0 0
    -1.39937 1 0 0
    -1.39877 1 0 0
    -1.39874 1 0 0
    -1.39832 1 0 0
    -1.39841 1 0 0
    -1.39835 1 0 0
    -1.39895 1 0 0
     -1.3988 1 0 0
    -1.39821 1 0 0
    -1.39827 1 0 0
    -1.39824 1 0 0
    -1.39907 1 0 0
    -1.39832 1 0 0
    -1.39859 1 0 0
     -1.3988 1 0 0
    -1.39788 1 0 0
    -1.39913 1 0 0
    -1.39824 1 0 0
    -1.39895 1 0 0
    -1.39844 1 0 0
    -1.39874 1 0 0
    -1.39964 1 0 0
    -1.39859 1 0 0
    -1.39824 1 0 0
    -1.39758 1 0 0
    -1.39913 1 0 0
    -1.39919 1 0 0
    -1.39895 1 0 0
    -1.39877 1 1 0
    -1.39961 1 0 0
    -1.39874 1 0 0
    -1.39815 1 0 0
    -1.39931 1 0 0
    -1.39904 1 0 0
    -1.39874 1 0 0
    -1.39853 1 0 0
     -1.3991 1 0 0
    -1.39955 0 0 1
    -1.38912 0 0 0
    -1.30484 0 0 0
    -1.25951 0 0 0
     -1.2542 0 0 0
    -1.24922 0 0 0
    -1.24237 0 0 0
    -1.23447 0 0 0
    -1.20971 0 0 0
     -1.2022 0 0 0
    -1.19731 0 0 0
    -1.19123 0 0 0
    -1.18858 0 0 0
    -1.18375 0 0 0
    -1.18035 0 0 0
    -1.17716 0 0 0
    -1.17388 0 0 0
    -1.17028 0 0 0
    -1.16786 0 0 0
    -1.16569 0 0 0
    -1.16283 0 0 0
    -1.15901 0 0 0
     -1.1588 0 0 0
    -1.15472 0 0 0
    -1.15371 0 0 0
    -1.15183 0 0 0
    -1.14959 0 0 0
    -1.14727 0 0 0
    -1.14572 0 0 0
    -1.14369 0 0 0
    -1.14223 0 0 0
    -1.14131 0 0 0
    -1.13836 0 0 0
    -1.13809 0 0 0
    -1.13457 0 0 0
    -1.13374 0 0 0
    -1.13207 0 0 0
     -1.1313 0 0 0
    -1.12963 0 0 0
    -1.12838 0 0 0
    -1.12724 0 0 0
    -1.12569 0 0 0
    -1.12453 0 0 0
    -1.12361 0 0 0
    -1.12125 0 0 0
    -1.12042 0 0 0
    -1.11893 0 0 0
    -1.11806 0 0 0
    -1.11711 0 0 0
     -1.1166 0 0 0
    -1.11523 0 0 0
    -1.11324 0 0 0
    -1.11318 0 0 0
    -1.11204 0 0 0
    -1.11216 0 0 0
    -1.10948 0 0 0
    -1.10942 0 0 0
     -1.1079 0 0 0
    -1.10757 0 0 0
    -1.10683 0 0 0
    -1.10531 0 0 1
    -1.10471 0 0 0
    -1.10379 0 0 0
    -1.10203 0 0 0
    -1.10248 0 0 0
    -1.10155 0 0 0
    -1.09985 0 0 0
    -1.10003 0 0 0
    -1.09926 0 0 0
    -1.09795 0 0 0
    -1.09759 0 0 0
    -1.09783 0 0 0
    -1.09646 0 0 0
     -1.0958 0 0 0
    -1.09494 0 0 0
    -1.09375 0 0 0
    -1.09422 0 0 0
    -1.09318 0 0 0
    -1.09291 0 0 0
    -1.09094 0 0 0
    -1.09139 0 0 0
    -1.08942 0 0 0
     -1.0891 0 0 0
    -1.08907 0 0 0
    -1.08913 0 0 0
     -1.0868 0 0 0
    -1.08737 0 0 0
    -1.08552 0 0 0
    -1.08626 0 0 0
    -1.08591 0 0 0
    -1.08331 0 0 0
    -1.08451 0 0 0
    -1.08293 0 0 0
     -1.0834 0 0 0
    -1.08168 0 0 0
    -1.08251 0 0 0
    -1.08087 0 0 0
    -1.08179 0 0 0
    -1.08194 0 0 0
    -1.07995 0 0 0
    -1.07926 0 0 0
    -1.07831 0 0 0
    -1.07843 0 0 0
    -1.07762 0 0 0
    -1.07771 0 0 0
    -1.07712 0 0 0
    -1.07637 0 0 0
    -1.07598 0 0 0
     -1.0744 0 0 0
    -1.07417 0 0 0
    -1.07357 0 0 0
    -1.07372 0 0 0
    -1.07363 0 0 0
    -1.07312 0 0 0
    -1.07217 0 0 0
     -1.0727 0 0 0
    -1.07136 0 0 0
    -1.07047 0 0 0
    -1.06999 0 0 0
    -1.06984 0 0 0
    -1.07005 0 0 1
    -1.07065 0 0 0
    -1.06871 0 0 0
    -1.06859 0 0 0
     -1.0682 0 0 0
    -1.06794 0 0 0
    -1.06689 0 0 0
    -1.06668 0 0 0
    -1.06648 0 0 0
    -1.06663 0 0 0
    -1.06645 0 0 0
    -1.06615 0 0 0
    -1.06484 0 0 0
    -1.06502 0 0 0
    -1.06469 0 0 0
    -1.06403 0 0 0
    -1.06335 0 0 0
    -1.06376 0 0 0
    -1.06329 0 0 0
    -1.06382 0 0 0
    -1.06198 0 0 0
    -1.06162 0 0 0
    -1.06114 0 0 0
    -1.06174 0 0 0
    -1.06072 0 0 0
     -1.0592 0 0 0
    -1.05992 0 0 0
    -1.05891 0 0 0
    -1.06007 0 0 0
    -1.05962 0 0 0
     -1.0584 0 0 0
    -1.05777 0 0 0
    -1.05873 0 0 0
     -1.0573 0 0 0
    -1.05751 0 0 0
    -1.05709 0 0 0
    -1.05739 0 0 0
    -1.05715 0 0 0
    -1.05557 0 0 0
    -1.05518 0 0 0
    -1.05566 0 0 0
    -1.05497 0 0 0
    -1.05578 0 0 0
    -1.05369 0 0 0
    -1.05408 0 0 0
    -1.05301 0 0 0
    -1.05351 0 0 0
    -1.05295 0 0 0
    -1.05387 0 0 0
    -1.05214 0 0 0
    -1.05181 0 0 0
    -1.05152 0 1 0
    -1.05104 0 0 0
    -1.05196 0 0 0
    -1.05083 0 0 0
    -1.05065 0 0 0
    -1.05056 0 0 0
    -1.04943 0 0 0
    -1.04934 0 0 0
    -1.04958 0 0 0
    -1.04904 1 0 1
    -1.06868 1 0 0
     -1.1079 1 0 0
    -1.16137 1 0 0
    -1.20321 1 0 0
    -1.23063 1 0 0
    -1.25545 1 0 0
    -1.27187 1 0 0
    -1.28248 1 0 0
    -1.28859 1 0 0
    -1.29563 1 0 0
    -1.29938 1 0 0
     -1.3023 1 0 0
    -1.30585 1 0 0
     -1.3085 1 0 0
     -1.3108 1 0 0
    -1.31404 1 0 0
    -1.31464 1 0 0
    -1.31664 1 0 0
    -1.31819 1 0 0
    -1.31935 1 0 0
    -1.32155 1 0 0
    -1.32319 1 0 0
    -1.32456 1 0 0
    -1.32462 1 0 0
    -1.32692 1 0 0
    -1.32886 1 0 0
    -1.33011 1 0 0
    -1.33073 1 0 0
    -1.33294 1 0 0
    -1.33473 1 0 0
    -1.33461 1 0 0
    -1.33511 1 0 0
    -1.33598 1 0 0
     -1.3375 1 0 0
    -1.33744 1 0 0
    -1.33812 1 0 0
    -1.34069 1 0 0
    -1.34191 1 0 0
    -1.34233 1 0 0
    -1.34188 1 0 0
    -1.34292 1 0 0
    -1.34459 1 0 0
    -1.34516 1 0 0
     -1.3454 1 0 0
    -1.34641 1 0 0
    -1.34727 1 0 0
    -1.34751 1 0 0
    -1.34772 1 0 0
     -1.3487 1 0 0
    -1.34987 1 0 0
    -1.34972 1 0 0
    -1.35145 1 0 0
    -1.35091 1 0 0
    -1.35288 1 0 0
    -1.35136 1 0 0
    -1.35314 1 0 0
    -1.35407 1 0 0
    -1.35428 1 0 0
    -1.35416 1 0 0
    -1.35574 1 0 1
    -1.35601 1 0 0
    -1.35586 1 0 0
    -1.35666 1 0 0
    -1.35702 1 0 0
    -1.35827 1 0 0
    -1.35797 1 0 0
    -1.35875 1 0 0
    -1.35937 1 0 0
    -1.35893 1 0 0
    -1.35893 1 0 0
    -1.36012 1 0 0
    -1.36036 1 0 0
    -1.35916 1 0 0
    -1.36027 1 0 0
    -1.36116 1 0 0
    -1.36158 1 0 0
    -1.36206 1 0 0
    -1.36191 1 0 0
    -1.36259 1 0 0
     -1.3631 1 0 0
    -1.36313 1 0 0
    -1.36465 1 0 0
    -1.36453 1 0 0
     -1.3653 1 0 0
    -1.36483 1 0 0
    -1.36462 1 0 0
    -1.36477 1 0 0
    -1.36498 1 0 0
    -1.36623 1 0 0
    -1.36676 1 0 0
    -1.36724 1 0 0
    -1.36688 1 0 0
    -1.36742 1 0 0
     -1.3676 1 0 0
    -1.36822 1 0 0
    -1.36817 1 0 0
    -1.36867 1 0 0
    -1.36846 1 0 0
    -1.36855 1 0 0
    -1.36974 1 0 0
    -1.36897 1 0 0
    -1.37034 1 0 0
     -1.3704 1 0 0
    -1.36974 1 0 0
     -1.3701 1 0 0
    -1.37094 1 0 0
    -1.36983 1 0 0
      -1.371 1 0 0
     -1.3721 1 0 0
    -1.37129 1 0 0
    -1.37138 1 0 0
    -1.37228 1 0 0
    -1.37228 1 0 0
    -1.37311 1 0 0
    -1.37281 1 0 0
    -1.37284 1 0 0
    -1.37264 1 0 0
    -1.37323 1 0 0
    -1.37359 1 0 1
    -1.37413 1 0 0
    -1.37392 1 0 0
    -1.37508 1 0 0
    -1.37293 1 0 0
    -1.37505 1 0 0
    -1.37401 1 0 0
    -1.37493 1 0 0
    -1.37451 1 0 0
    -1.37562 1 0 0
    -1.37556 1 0 0
    -1.37621 1 0 0
    -1.37493 1 0 0
    -1.37603 1 0 0
    -1.37678 1 0 0
    -1.37618 1 0 0
    -1.37639 1 0 0
    -1.37743 1 0 0
    -1.37737 1 0 0
    -1.37627 1 0 0
    -1.37761 1 0 0
    -1.37794 1 0 0
    -1.37722 1 0 0
    -1.37779 1 0 0
    -1.37785 1 0 0
    -1.37711 1 0 0
      -1.378 1 0 0
    -1.37901 1 0 0
    -1.37883 1 0 0
    -1.37898 1 0 0
    -1.37845 1 0 0
    -1.37898 1 0 0
    -1.37925 1 0 0
    -1.37877 1 0 0
    -1.37994 1 0 0
    -1.37919 1 0 0
    -1.37919 1 0 0
    -1.37985 1 0 0
    -1.37973 1 0 0
    -1.37946 1 0 0
    -1.37931 1 0 0
    -1.37964 1 0 0
    -1.38071 1 0 0
    -1.38012 1 0 0
    -1.38038 1 0 0
    -1.38059 1 0 0
    -1.38149 1 0 0
    -1.37991 1 0 0
    -1.38211 1 0 0
    -1.38223 1 0 0
    -1.38193 1 0 0
    -1.38196 1 0 0
    -1.38167 1 0 0
    -1.38122 1 0 0
    -1.38152 1 0 0
    -1.38289 1 0 0
    -1.38241 1 0 0
    -1.38259 1 0 0
    -1.38339 1 0 0
    -1.38301 1 0 0
    -1.38283 1 0 1
    -1.38408 1 0 0
    -1.38274 1 0 0
    -1.38313 1 0 0
    -1.38262 1 0 0
    -1.38319 1 0 0
    -1.38316 1 0 0
    -1.38342 1 0 0
     -1.3839 1 0 0
     -1.3845 1 0 0
     -1.3845 1 0 0
    -1.38348 1 0 0
    -1.38396 1 0 0
    -1.38426 1 0 0
    -1.38488 1 0 0
    -1.38354 1 0 0
    -1.38423 1 0 0
    -1.38557 1 0 0
    -1.38471 1 0 0
    -1.38542 1 0 0
    -1.38456 1 0 0
    -1.38453 1 0 0
     -1.3853 1 0 0
    -1.38494 1 0 0
     -1.3845 1 0 0
    -1.38578 1 0 0
    -1.38578 1 0 0
    -1.38554 1 0 0
    -1.38599 1 0 0
    -1.38706 1 0 0
    -1.38608 1 0 0
    -1.38581 1 0 0
    -1.38697 1 0 0
    -1.38599 1 0 0
    -1.38581 1 0 0
    -1.38602 1 0 0
    -1.38652 1 0 0
    -1.38777 1 0 0
     -1.3884 1 0 0
    -1.38792 1 0 0
    -1.38685 1 0 0
    -1.38685 1 0 0
    -1.38804 1 0 0
    -1.38724 1 0 0
    -1.38697 1 0 0
     -1.3881 1 0 0
    -1.38772 1 0 0
    -1.38751 1 0 0
    -1.38739 1 0 0
    -1.38751 1 0 0
    -1.38783 1 0 0
    -1.38724 1 0 0
    -1.38816 1 0 0
    -1.38789 1 0 0
    -1.38721 1 0 0
    -1.38763 1 0 0
    -1.38748 1 0 0
    -1.38831 1 0 0
    -1.38748 1 0 0
    -1.38783 1 0 0
     -1.3881 1 0 1
    -1.38882 1 0 0
    -1.38849 1 0 0
    -1.38858 1 0 0
    -1.38801 1 0 0
    -1.38924 1 0 0
    -1.38995 1 0 0
    -1.38855 1 0 0
    -1.38941 1 0 0
    -1.38962 1 0 0
    -1.38849 1 0 0
    -1.38915 1 0 0
    -1.38932 1 0 0
    -1.39016 1 0 0
    -1.38989 1 0 0
    -1.38965 1 0 0
    -1.38977 1 0 0
    -1.38935 1 0 0
    -1.38989 1 0 0
    -1.38929 1 0 0
    -1.38885 1 0 0
    -1.38921 1 0 0
    -1.38938 1 0 0
    -1.38906 1 0 0
     -1.3887 1 0 0
    -1.38837 1 0 0
    -1.38956 1 0 0
    -1.38995 1 0 0
    -1.39016 1 0 0
    -1.39087 1 0 0
    -1.39019 1 0 0
    -1.39055 1 0 0
    -1.39081 1 0 0
    -1.39049 1 0 0
    -1.38974 1 0 0
    -1.39034 1 0 0
    -1.39147 1 0 0
     -1.3901 1 0 0
    -1.39043 1 0 0
    -1.39105 1 0 0
    -1.39135 1 0 0
    -1.39081 1 0 0
    -1.39076 1 0 0
     -1.3909 1 0 0
    -1.39016 1 0 0
    -1.39037 1 0 0
    -1.39141 1 0 0
     -1.3907 1 0 0
    -1.39064 1 0 0
    -1.39099 1 0 0
    -1.39129 1 0 0
    -1.39135 1 0 0
    -1.39213 1 0 0
    -1.39135 1 0 0
    -1.39108 1 0 0
    -1.39159 1 0 0
    -1.39055 1 0 0
    -1.39141 1 0 0
    -1.39096 1 0 0
     -1.3929 1 0 0
    -1.39266 1 0 1
     -1.3918 1 0 0
    -1.39108 1 0 0
    -1.39135 1 0 0
    -1.39216 1 0 0
     -1.3921 1 0 0
    -1.39266 1 0 0
    -1.39275 1 0 0
    -1.39287 1 0 0
    -1.39272 1 0 0
     -1.3915 1 0 0
    -1.39213 1 0 0
    -1.39254 1 0 0
    -1.39204 1 0 0
    -1.39293 1 0 0
    -1.39287 1 0 0
    -1.39207 1 0 0
    -1.39225 1 0 0
    -1.39266 1 0 0
    -1.39329 1 0 0
    -1.39198 1 0 0
    -1.39222 1 0 0
    -1.39284 1 0 0
    -1.39293 1 0 0
    -1.39278 1 0 0
    -1.39219 1 0 0
    -1.39359 1 0 0
    -1.39287 1 0 0
    -1.39311 1 0 0
    -1.39338 1 0 0
    -1.39388 1 0 0
    -1.39406 1 0 0
    -1.39326 1 0 0
    -1.39362 1 0 0
    -1.39272 1 0 0
    -1.39391 1 0 0
    -1.39338 1 0 0
    -1.39347 1 0 0
    -1.39332 1 0 0
    -1.39385 1 0 0
    -1.39353 1 0 0
    -1.39341 1 0 0
    -1.39388 1 0 0
    -1.39445 1 0 0
    -1.39403 1 0 0
    -1.39445 1 0 0
    -1.39391 1 0 0
    -1.39305 1 0 0
    -1.39329 1 0 0
    -1.39403 1 0 0
    -1.39353 1 0 0
    -1.39448 1 0 0
    -1.39365 1 0 0
    -1.39511 1 0 0
    -1.39412 1 0 0
    -1.39484 1 0 0
    -1.39397 1 0 0
    -1.39347 1 0 0
    -1.39466 1 0 0
    -1.39397 1 0 1
    -1.39439 1 0 0
    -1.39543 1 0 0
     -1.3938 1 0 0
    -1.39365 1 0 0
      -1.394 1 0 0
    -1.39478 1 0 0
    -1.39463 1 0 0
    -1.39463 1 0 0
    -1.39493 1 0 0
    -1.39424 1 0 0
    -1.39433 1 0 0
     -1.3943 1 0 0
    -1.39573 1 0 0
    -1.39391 1 0 0
    -1.39526 1 0 0
    -1.39496 1 0 0
    -1.39326 1 0 0
    -1.39391 1 0 0
    -1.39573 1 0 0
    -1.39442 1 0 0
    -1.39445 1 0 0
    -1.39505 1 0 0
    -1.39478 1 0 0
    -1.39463 1 0 0
     -1.3938 1 0 0
    -1.39582 1 0 0
    -1.39371 1 0 0
    -1.39406 1 0 0
     -1.3943 1 0 0
    -1.39487 1 0 0
    -1.39463 1 0 0
    -1.39597 1 0 0
    -1.39418 1 0 0
    -1.39475 1 0 0
    -1.39445 1 0 0
    -1.39564 1 0 0
    -1.39457 1 0 0
    -1.39642 1 0 0
    -1.39534 1 0 0
    -1.39514 1 0 0
    -1.39412 1 0 0
    -1.39531 1 0 0
    -1.39442 1 0 0
    -1.39567 1 0 0
    -1.39615 1 0 0
    -1.39478 1 0 0
    -1.39403 1 0 0
    -1.39549 1 0 0
    -1.39582 1 0 0
    -1.39475 1 0 0
    -1.39627 1 0 0
    -1.39552 1 0 0
     -1.3938 1 0 0
    -1.39552 1 0 0
      -1.396 1 0 0
    -1.39439 1 0 0
    -1.39591 1 0 0
     -1.3954 1 0 0
    -1.39508 1 0 0
    -1.39597 1 0 1
    -1.39549 1 0 0
    -1.39618 1 0 0
    -1.39564 1 0 0
    -1.39627 1 0 0
    -1.39594 1 0 0
    -1.39537 1 0 0
    -1.39585 1 0 0
    -1.39683 1 0 0
    -1.39564 1 0 0
     -1.3957 1 0 0
    -1.39615 1 0 0
     -1.3963 1 0 0
    -1.39579 1 0 0
    -1.39505 1 0 0
    -1.39564 1 0 0
    -1.39499 1 0 0
    -1.39585 1 0 0
    -1.39636 1 0 0
    -1.39552 1 0 0
    -1.39672 1 0 0
    -1.39698 1 0 0
    -1.39567 1 0 0
    -1.39597 1 0 0
    -1.39624 1 0 0
    -1.39689 1 0 0
    -1.39606 1 0 0
    -1.39648 1 0 0
    -1.39603 1 0 0
    -1.39576 1 0 0
    -1.39579 1 0 0
    -1.39579 1 0 0
    -1.39582 1 0 0
    -1.39648 1 0 0
    -1.39681 1 0 0
    -1.39663 1 0 0
     -1.3963 1 0 0
    -1.39743 1 0 0
    -1.39686 1 0 0
    -1.39597 1 0 0
    -1.39618 1 0 0
    -1.39678 1 0 0
     -1.3966 1 0 0
    -1.39642 1 0 0
    -1.39666 1 0 0
    -1.39746 1 0 0
      -1.396 1 0 0
    -1.39683 1 0 0
    -1.39722 1 0 0
    -1.39722 1 0 0
    -1.39728 1 0 0
    -1.39731 1 0 0
    -1.39686 1 0 0
    -1.39737 1 0 0
     -1.3966 1 0 0
    -1.39722 1 0 0
    -1.39701 1 0 0
     -1.3974 1 0 0
    -1.39752 1 0 0
    -1.39672 1 0 0
    -1.39728 1 0 1
    -1.39838 1 0 0
    -1.39689 1 0 0
    -1.39654 1 0 0
    -1.39719 1 0 0
    -1.39707 1 0 0
    -1.39683 1 0 0
    -1.39761 1 0 0
    -1.39704 1 0 0
    -1.39692 1 0 0
    -1.39722 1 0 0
    -1.39675 1 0 0
    -1.39675 1 0 0
    -1.39591 1 0 0
    -1.39695 1 0 0
    -1.39716 1 0 0
    -1.39615 1 0 0
    -1.39776 1 0 0
    -1.39907 1 0 0
    -1.39868 1 0 0
    -1.39859 1 0 0
    -1.39764 1 0 0
    -1.39782 1 0 0
    -1.39758 1 0 0
    -1.39782 1 0 0
    -1.39782 1 0 0
    -1.39689 1 0 0
    -1.39791 1 0 0
    -1.39716 1 0 0
    -1.39788 1 0 0
    -1.39689 1 0 0
    -1.39827 1 0 0
      -1.398 1 0 0
    -1.39815 1 0 0
     -1.3985 1 0 0
    -1.39815 1 0 0
    -1.39755 1 0 0
    -1.39782 1 0 0
    -1.39666 1 0 0
    -1.39704 1 0 0
    -1.39755 1 0 0
    -1.39776 1 0 0
    -1.39847 1 0 0
    -1.39827 1 0 0
     -1.3983 1 0 0
    -1.39877 1 0 0
    -1.39862 1 0 0
    -1.39728 1 0 0
    -1.39794 1 0 0
     -1.3977 1 0 0
    -1.39797 1 0 0
    -1.39755 1 1 0
    -1.39856 1 0 0
    -1.39788 1 0 0
    -1.39734 1 0 0
    -1.39767 1 0 0
    -1.39841 1 0 0
    -1.39791 1 0 0
    -1.39707 1 0 0
     -1.3988 1 0 0
    -1.39686 0 0 1
     -1.3451 0 0 0
    -1.26773 0 0 0
     -1.2556 0 0 0
    -1.25101 0 0 0
    -1.24517 0 0 0
    -1.23769 0 0 0
    -1.22294 0 0 0
    -1.20282 0 0 0
    -1.19948 0 0 0
    -1.19326 0 0 0
     -1.1889 0 0 0
    -1.18369 0 0 0
    -1.18151 0 0 0
    -1.17785 0 0 0
    -1.17385 0 0 0
    -1.17126 0 0 0
    -1.16822 0 0 0
    -1.16527 0 0 0
     -1.1639 0 0 0
    -1.16077 0 0 0
    -1.15842 0 0 0
    -1.15624 0 0 0
    -1.15448 0 0 0
    -1.15123 0 0 0
     -1.1504 0 0 0
    -1.14721 0 0 0
    -1.14661 0 0 0
    -1.14566 0 0 0
    -1.14283 0 0 0
    -1.14033 0 0 0
    -1.13815 0 0 0
    -1.13782 0 0 0
     -1.1358 0 0 0
    -1.13297 0 0 0
    -1.13159 0 0 0
    -1.13085 0 0 0
    -1.12948 0 0 0
    -1.12739 0 0 0
    -1.12736 0 0 0
    -1.12632 0 0 0
    -1.12435 0 0 0
    -1.12212 0 0 0
    -1.12188 0 0 0
    -1.12131 0 0 0
    -1.11946 0 0 0
    -1.11762 0 0 0
     -1.1166 0 0 0
    -1.11628 0 0 0
    -1.11389 0 0 0
    -1.11407 0 0 0
    -1.11297 0 0 0
    -1.11207 0 0 0
    -1.10999 0 0 0
    -1.10918 0 0 0
    -1.10865 0 0 0
    -1.10763 0 0 0
    -1.10692 0 0 0
    -1.10617 0 0 0
    -1.10513 0 0 0
    -1.10438 0 0 1
    -1.10355 0 0 0
     -1.1034 0 0 0
    -1.10179 0 0 0
    -1.10176 0 0 0
     -1.0995 0 0 0
     -1.0978 0 0 0
    -1.09786 0 0 0
     -1.0983 0 0 0
    -1.09741 0 0 0
    -1.09547 0 0 0
     -1.0958 0 0 0
    -1.09446 0 0 0
    -1.09455 0 0 0
    -1.09378 0 0 0
    -1.09306 0 0 0
    -1.09202 0 0 0
    -1.09157 0 0 0
    -1.09175 0 0 0
    -1.08984 0 0 0
    -1.08913 0 0 0
    -1.08817 0 0 0
    -1.08844 0 0 0
    -1.08707 0 0 0
    -1.08761 0 0 0
    -1.08626 0 0 0
    -1.08531 0 0 0
    -1.08454 0 0 0
    -1.08501 0 0 0
    -1.08451 0 0 0
    -1.08379 0 0 0
    -1.08382 0 0 0
    -1.08179 0 0 0
    -1.08188 0 0 0
    -1.08096 0 0 0
     -1.0815 0 0 0
    -1.07956 0 0 0
    -1.07983 0 0 0
    -1.07926 0 0 0
    -1.07852 0 0 0
    -1.07858 0 0 0
    -1.07726 0 0 0
    -1.07741 0 0 0
    -1.07691 0 0 0
    -1.07586 0 0 0
    -1.07548 0 0 0
    -1.07586 0 0 0
    -1.07422 0 0 0
    -1.07488 0 0 0
     -1.0733 0 0 0
    -1.07408 0 0 0
    -1.07291 0 0 0
    -1.07214 0 0 0
    -1.07118 0 0 0
    -1.07166 0 0 0
    -1.07101 0 0 0
    -1.06993 0 0 0
    -1.06975 0 0 0
    -1.06919 0 0 0
     -1.0694 0 0 1
    -1.06904 0 0 0
     -1.0682 0 0 0
    -1.06764 0 0 0
    -1.06713 0 0 0
    -1.06701 0 0 0
    -1.06609 0 0 0
    -1.06636 0 0 0
    -1.06618 0 0 0
    -1.06478 0 0 0
    -1.06445 0 0 0
    -1.06457 0 0 0
     -1.0635 0 0 0
    -1.06275 0 0 0
    -1.06272 0 0 0
    -1.06278 0 0 0
    -1.06239 0 0 0
    -1.06207 0 0 0
    -1.06111 0 0 0
    -1.05977 0 0 0
    -1.06069 0 0 0
    -1.06022 0 0 0
    -1.05897 0 0 0
    -1.05914 0 0 0
     -1.0592 0 0 0
    -1.05792 0 0 0
    -1.05843 0 0 0
     -1.0576 0 0 0
    -1.05762 0 0 0
    -1.05676 0 0 0
    -1.05736 0 0 0
    -1.05664 0 0 0
    -1.05599 0 0 0
    -1.05608 0 0 0
    -1.05599 0 0 0
    -1.05521 0 0 0
    -1.05485 0 0 0
    -1.05479 0 0 0
    -1.05339 0 0 0
     -1.0542 0 0 0
    -1.05312 0 0 0
    -1.05211 0 0 0
     -1.0528 0 0 0
     -1.0522 0 0 0
    -1.05333 0 0 0
     -1.0519 0 0 0
    -1.05074 0 0 0
    -1.05131 0 0 0
    -1.05089 0 0 0
    -1.05089 0 0 0
    -1.05131 0 0 0
    -1.04961 0 0 0
    -1.05011 0 1 0
     -1.0494 0 0 0
    -1.04985 0 0 0
    -1.04898 0 0 0
    -1.04859 0 0 0
    -1.04862 0 0 0
    -1.04761 0 0 0
    -1.04854 0 0 0
    -1.04773 1 0 1
    -1.05539 1 0 0
     -1.0922 1 0 0
    -1.13985 1 0 0
     -1.1858 1 0 0
     -1.2174 1 0 0
    -1.24416 1 0 0
    -1.26585 1 0 0
    -1.27771 1 0 0
     -1.2852 1 0 0
    -1.29116 1 0 0
    -1.29667 1 0 0
     -1.2989 1 0 0
    -1.30308 1 0 0
    -1.30579 1 0 0
    -1.30817 1 0 0
    -1.31121 1 0 0
    -1.31229 1 0 0
    -1.31544 1 0 0
    -1.31571 1 0 0
    -1.31813 1 0 0
    -1.31994 1 0 0
    -1.32087 1 0 0
    -1.32385 1 0 0
    -1.32376 1 0 0
    -1.32522 1 0 0
    -1.32701 1 0 0
    -1.32686 1 0 0
    -1.32984 1 0 0
    -1.32966 1 0 0
    -1.33172 1 0 0
     -1.3319 1 0 0
    -1.33345 1 0 0
    -1.33458 1 0 0
    -1.33401 1 0 0
    -1.33607 1 0 0
     -1.3369 1 0 0
     -1.3378 1 0 0
     -1.3378 1 0 0
    -1.33988 1 0 0
    -1.33973 1 0 0
    -1.34152 1 0 0
    -1.34328 1 0 0
    -1.34429 1 0 0
    -1.34408 1 0 0
    -1.34498 1 0 0
     -1.3454 1 0 0
    -1.34623 1 0 0
    -1.34656 1 0 0
     -1.3482 1 0 0
    -1.34733 1 0 0
    -1.34906 1 0 0
    -1.34957 1 0 0
    -1.35061 1 0 0
    -1.35097 1 0 0
    -1.35058 1 0 0
    -1.35145 1 0 0
    -1.35231 1 0 0
    -1.35303 1 0 0
    -1.35401 1 0 0
    -1.35368 1 0 1
    -1.35368 1 0 0
     -1.3549 1 0 0
     -1.3558 1 0 0
    -1.35544 1 0 0
    -1.35586 1 0 0
    -1.35627 1 0 0
    -1.35726 1 0 0
    -1.35803 1 0 0
    -1.35803 1 0 0
    -1.35908 1 0 0
      -1.358 1 0 0
    -1.35863 1 0 0
    -1.35964 1 0 0
       -1.36 1 0 0
    -1.35988 1 0 0
    -1.36042 1 0 0
    -1.36107 1 0 0
    -1.36149 1 0 0
    -1.36089 1 0 0
    -1.36137 1 0 0
    -1.36176 1 0 0
    -1.36352 1 0 0
    -1.36268 1 0 0
    -1.36366 1 0 0
    -1.36411 1 0 0
    -1.36399 1 0 0
    -1.36593 1 0 0
    -1.36468 1 0 0
    -1.36432 1 0 0
    -1.36566 1 0 0
    -1.36617 1 0 0
    -1.36626 1 0 0
    -1.36504 1 0 0
    -1.36596 1 0 0
    -1.36623 1 0 0
    -1.36855 1 0 0
     -1.3667 1 0 0
    -1.36739 1 0 0
    -1.36778 1 0 0
    -1.36849 1 0 0
    -1.36825 1 0 0
    -1.36831 1 0 0
    -1.36873 1 0 0
    -1.36858 1 0 0
     -1.3679 1 0 0
     -1.3696 1 0 0
    -1.36861 1 0 0
    -1.37052 1 0 0
    -1.37007 1 0 0
    -1.37046 1 0 0
    -1.37055 1 0 0
    -1.36968 1 0 0
    -1.37103 1 0 0
      -1.371 1 0 0
     -1.3715 1 0 0
    -1.37231 1 0 0
    -1.37141 1 0 0
    -1.37186 1 0 0
     -1.3735 1 0 0
    -1.37338 1 0 1
     -1.3721 1 0 0
    -1.37332 1 0 0
    -1.37225 1 0 0
    -1.37225 1 0 0
    -1.37278 1 0 0
    -1.37278 1 0 0
    -1.37377 1 0 0
     -1.3741 1 0 0
    -1.37505 1 0 0
     -1.3735 1 0 0
    -1.37392 1 0 0
    -1.37502 1 0 0
     -1.3749 1 0 0
    -1.37678 1 0 0
    -1.37502 1 0 0
    -1.37609 1 0 0
    -1.37609 1 0 0
    -1.37529 1 0 0
    -1.37591 1 0 0
    -1.37669 1 0 0
    -1.37573 1 0 0
    -1.37633 1 0 0
    -1.37648 1 0 0
    -1.37639 1 0 0
    -1.37678 1 0 0
    -1.37806 1 0 0
    -1.37675 1 0 0
      -1.378 1 0 0
    -1.37794 1 0 0
     -1.3774 1 0 0
    -1.37872 1 0 0
     -1.3772 1 0 0
    -1.37839 1 0 0
    -1.37785 1 0 0
    -1.37973 1 0 0
     -1.3791 1 0 0
    -1.37979 1 0 0
    -1.37886 1 0 0
    -1.37973 1 0 0
    -1.37964 1 0 0
    -1.37952 1 0 0
    -1.37928 1 0 0
    -1.37997 1 0 0
    -1.37991 1 0 0
    -1.38071 1 0 0
    -1.38026 1 0 0
    -1.37973 1 0 0
     -1.3811 1 0 0
    -1.38035 1 0 0
    -1.38044 1 0 0
    -1.38012 1 0 0
    -1.38012 1 0 0
    -1.38131 1 0 0
    -1.38125 1 0 0
    -1.38012 1 0 0
    -1.38158 1 0 0
    -1.38241 1 0 0
    -1.38137 1 0 0
    -1.38217 1 0 0
    -1.38175 1 0 1
    -1.38223 1 0 0
    -1.38202 1 0 0
     -1.3811 1 0 0
    -1.38181 1 0 0
    -1.38217 1 0 0
    -1.38253 1 0 0
    -1.38214 1 0 0
    -1.38238 1 0 0
    -1.38217 1 0 0
     -1.3831 1 0 0
    -1.38357 1 0 0
    -1.38175 1 0 0
    -1.38322 1 0 0
    -1.38327 1 0 0
     -1.3839 1 0 0
    -1.38363 1 0 0
    -1.38453 1 0 0
    -1.38274 1 0 0
    -1.38339 1 0 0
     -1.3842 1 0 0
    -1.38316 1 0 0
    -1.38381 1 0 0
    -1.38378 1 0 0
    -1.38479 1 0 0
    -1.38491 1 0 0
    -1.38518 1 0 0
    -1.38462 1 0 0
    -1.38402 1 0 0
    -1.38545 1 0 0
    -1.38485 1 0 0
    -1.38414 1 0 0
    -1.38509 1 0 0
    -1.38518 1 0 0
    -1.38509 1 0 0
    -1.38491 1 0 0
    -1.38548 1 0 0
    -1.38584 1 0 0
    -1.38474 1 0 0
    -1.38664 1 0 0
     -1.3867 1 0 0
    -1.38563 1 0 0
    -1.38491 1 0 0
    -1.38593 1 0 0
    -1.38527 1 0 0
    -1.38596 1 0 0
    -1.38593 1 0 0
    -1.38605 1 0 0
    -1.38643 1 0 0
    -1.38655 1 0 0
    -1.38631 1 0 0
    -1.38623 1 0 0
    -1.38611 1 0 0
    -1.38757 1 0 0
    -1.38751 1 0 0
    -1.38626 1 0 0
    -1.38655 1 0 0
    -1.38733 1 0 0
    -1.38763 1 0 0
     -1.3873 1 0 1
    -1.38763 1 0 0
    -1.38763 1 0 0
     -1.3873 1 0 0
      -1.387 1 0 0
    -1.38795 1 0 0
    -1.38745 1 0 0
    -1.38718 1 0 0
    -1.38754 1 0 0
    -1.38801 1 0 0
    -1.38739 1 0 0
    -1.38789 1 0 0
    -1.38864 1 0 0
    -1.38816 1 0 0
    -1.38766 1 0 0
    -1.38846 1 0 0
    -1.38816 1 0 0
    -1.38783 1 0 0
    -1.38894 1 0 0
    -1.38861 1 0 0
    -1.38864 1 0 0
    -1.38843 1 0 0
    -1.38885 1 0 0
    -1.38903 1 0 0
    -1.38888 1 0 0
    -1.38924 1 0 0
    -1.38852 1 0 0
    -1.38858 1 0 0
     -1.3895 1 0 0
    -1.38941 1 0 0
      -1.389 1 0 0
     -1.3887 1 0 0
    -1.38974 1 0 0
     -1.3895 1 0 0
    -1.39034 1 0 0
    -1.39076 1 0 0
     -1.3895 1 0 0
    -1.38977 1 0 0
    -1.39022 1 0 0
    -1.38891 1 0 0
    -1.38912 1 0 0
    -1.38956 1 0 0
     -1.3898 1 0 0
    -1.39049 1 0 0
    -1.38918 1 0 0
    -1.38909 1 0 0
    -1.38947 1 0 0
    -1.38938 1 0 0
    -1.38941 1 0 0
    -1.39022 1 0 0
    -1.38849 1 0 0
    -1.39055 1 0 0
    -1.39028 1 0 0
    -1.38944 1 0 0
    -1.39046 1 0 0
    -1.39093 1 0 0
     -1.3909 1 0 0
    -1.39001 1 0 0
    -1.39049 1 0 0
    -1.39117 1 0 0
    -1.39117 1 0 1
    -1.39165 1 0 0
    -1.39019 1 0 0
    -1.39076 1 0 0
     -1.3895 1 0 0
    -1.39233 1 0 0
    -1.39058 1 0 0
    -1.39135 1 0 0
    -1.39308 1 0 0
    -1.39219 1 0 0
    -1.39171 1 0 0
    -1.39144 1 0 0
    -1.39043 1 0 0
    -1.39183 1 0 0
    -1.39168 1 0 0
    -1.39177 1 0 0
    -1.39123 1 0 0
    -1.39093 1 0 0
    -1.39144 1 0 0
    -1.39141 1 0 0
    -1.39168 1 0 0
    -1.39198 1 0 0
    -1.39168 1 0 0
     -1.3926 1 0 0
    -1.39213 1 0 0
    -1.39371 1 0 0
    -1.39213 1 0 0
    -1.39186 1 0 0
    -1.39311 1 0 0
    -1.39311 1 0 0
    -1.39159 1 0 0
    -1.39216 1 0 0
    -1.39326 1 0 0
    -1.39174 1 0 0
    -1.39219 1 0 0
    -1.39302 1 0 0
    -1.39239 1 0 0
    -1.39225 1 0 0
    -1.39228 1 0 0
    -1.39353 1 0 0
    -1.39222 1 0 0
    -1.39311 1 0 0
    -1.39353 1 0 0
    -1.39293 1 0 0
    -1.39284 1 0 0
    -1.39299 1 0 0
    -1.39359 1 0 0
    -1.39245 1 0 0
    -1.39353 1 0 0
    -1.39326 1 0 0
    -1.39326 1 0 0
    -1.39326 1 0 0
    -1.39275 1 0 0
    -1.39278 1 0 0
    -1.39335 1 0 0
    -1.39335 1 0 0
     -1.3932 1 0 0
    -1.39382 1 0 0
    -1.39359 1 0 0
    -1.39242 1 0 0
    -1.39439 1 0 1
    -1.39332 1 0 0
    -1.39365 1 0 0
    -1.39251 1 0 0
    -1.39213 1 0 0
    -1.39281 1 0 0
     -1.3932 1 0 0
    -1.39356 1 0 0
    -1.39463 1 0 0
    -1.39311 1 0 0
    -1.39412 1 0 0
     -1.3938 1 0 0
    -1.39439 1 0 0
    -1.39478 1 0 0
    -1.39251 1 0 0
    -1.39356 1 0 0
    -1.39415 1 0 0
    -1.39481 1 0 0
    -1.39338 1 0 0
    -1.39371 1 0 0
    -1.39406 1 0 0
    -1.39353 1 0 0
    -1.39451 1 0 0
    -1.39427 1 0 0
    -1.39445 1 0 0
    -1.39406 1 0 0
    -1.39299 1 0 0
    -1.39451 1 0 0
    -1.39356 1 0 0
    -1.39472 1 0 0
    -1.39371 1 0 0
    -1.39439 1 0 0
    -1.39481 1 0 0
    -1.39508 1 0 0
    -1.39531 1 0 0
    -1.39454 1 0 0
    -1.39478 1 0 0
     -1.3946 1 0 0
    -1.39469 1 0 0
    -1.39421 1 0 0
    -1.39591 1 0 0
    -1.39466 1 0 0
    -1.39377 1 0 0
    -1.39403 1 0 0
    -1.39493 1 0 0
    -1.39543 1 0 0
    -1.39445 1 0 0
    -1.39472 1 0 0
    -1.39549 1 0 0
    -1.39439 1 0 0
    -1.39534 1 0 0
     -1.3949 1 0 0
    -1.39445 1 0 0
    -1.39415 1 0 0
    -1.39648 1 0 0
    -1.39451 1 0 0
    -1.39549 1 0 0
    -1.39511 1 0 0
    -1.39439 1 0 0
    -1.39558 1 0 0
    -1.39517 1 0 1
    -1.39496 1 0 0
    -1.39469 1 0 0
    -1.39496 1 0 0
    -1.39582 1 0 0
    -1.39505 1 0 0
    -1.39588 1 0 0
    -1.39642 1 0 0
    -1.39523 1 0 0
    -1.39534 1 0 0
    -1.39564 1 0 0
    -1.39609 1 0 0
    -1.39481 1 0 0
    -1.39537 1 0 0
    -1.39624 1 0 0
    -1.39478 1 0 0
    -1.39534 1 0 0
    -1.39564 1 0 0
    -1.39549 1 0 0
    -1.39603 1 0 0
    -1.39654 1 0 0
    -1.39585 1 0 0
    -1.39591 1 0 0
     -1.3957 1 0 0
     -1.3963 1 0 0
    -1.39511 1 0 0
     -1.3963 1 0 0
    -1.39612 1 0 0
    -1.39603 1 0 0
    -1.39523 1 0 0
    -1.39603 1 0 0
    -1.39564 1 0 0
    -1.39529 1 0 0
    -1.39576 1 0 0
    -1.39648 1 0 0
    -1.39597 1 0 0
    -1.39588 1 0 0
    -1.39612 1 0 0
    -1.39663 1 0 0
    -1.39615 1 0 0
    -1.39552 1 0 0
    -1.39683 1 0 0
     -1.3966 1 0 0
    -1.39728 1 0 0
    -1.39627 1 0 0
     -1.3963 1 0 0
    -1.39642 1 0 0
    -1.39692 1 0 0
    -1.39537 1 0 0
    -1.39642 1 0 0
    -1.39689 1 0 0
    -1.39576 1 0 0
    -1.39618 1 0 0
    -1.39722 1 0 0
    -1.39636 1 0 0
    -1.39514 1 0 0
    -1.39737 1 0 0
    -1.39576 1 0 0
    -1.39743 1 0 0
    -1.39707 1 0 1
    -1.39618 1 0 0
     -1.3963 1 0 0
    -1.39675 1 0 0
    -1.39686 1 0 0
    -1.39543 1 0 0
    -1.39749 1 0 0
    -1.39731 1 0 0
    -1.39683 1 0 0
    -1.39636 1 0 0
    -1.39707 1 0 0
     -1.3974 1 0 0
    -1.39567 1 0 0
    -1.39666 1 0 0
    -1.39689 1 0 0
     -1.3974 1 0 0
    -1.39716 1 0 0
    -1.39669 1 0 0
    -1.39621 1 0 0
    -1.39654 1 0 0
    -1.39686 1 0 0
    -1.39642 1 0 0
    -1.39582 1 0 0
    -1.39761 1 0 0
    -1.39564 1 0 0
    -1.39663 1 0 0
    -1.39603 1 0 0
    -1.39612 1 0 0
    -1.39558 1 0 0
    -1.39707 1 0 0
    -1.39591 1 0 0
    -1.39657 1 0 0
    -1.39594 1 0 0
    -1.39743 1 0 0
    -1.39737 1 0 0
    -1.39725 1 0 0
    -1.39743 1 0 0
    -1.39749 1 0 0
    -1.39716 1 0 0
    -1.39722 1 0 0
    -1.39663 1 0 0
    -1.39633 1 0 0
    -1.39767 1 0 0
    -1.39776 1 0 0
    -1.39716 1 0 0
    -1.39755 1 0 0
    -1.39746 1 0 0
    -1.39698 1 0 0
    -1.39618 1 0 0
    -1.39734 1 0 0
    -1.39773 1 0 0
    -1.39716 1 1 0
    -1.39746 1 0 0
    -1.39779 1 0 0
    -1.39791 1 0 0
    -1.39743 1 0 0
    -1.39698 1 0 0
    -1.39707 1 0 0
    -1.39743 1 0 0
    -1.39779 1 0 0
    -1.39818 0 0 1
    -1.38083 0 0 0
    -1.28749 0 0 0
    -1.25521 0 0 0
    -1.25328 0 0 0
    -1.24753 0 0 0
    -1.24058 0 0 0
    -1.23262 0 0 0
    -1.20345 0 0 0
    -1.20118 0 0 0
    -1.19409 0 0 0
    -1.19033 0 0 0
    -1.18575 0 0 0
     -1.1825 0 0 0
    -1.17731 0 0 0
    -1.17454 0 0 0
    -1.17117 0 0 0
    -1.16786 0 0 0
    -1.16679 0 0 0
    -1.16232 0 0 0
    -1.16003 0 0 0
    -1.15764 0 0 0
    -1.15669 0 0 0
    -1.15371 0 0 0
    -1.15097 0 0 0
    -1.14965 0 0 0
    -1.14733 0 0 0
    -1.14542 0 0 0
    -1.14238 0 0 0
    -1.14194 0 0 0
    -1.13985 0 0 0
    -1.13755 0 0 0
    -1.13747 0 0 0
    -1.13592 0 0 0
    -1.13299 0 0 0
    -1.13183 0 0 0
    -1.13052 0 0 0
    -1.12951 0 0 0
    -1.12849 0 0 0
     -1.1262 0 0 0
    -1.12507 0 0 0
    -1.12283 0 0 0
    -1.12191 0 0 0
    -1.12113 0 0 0
    -1.11964 0 0 0
    -1.11821 0 0 0
    -1.11774 0 0 0
    -1.11639 0 0 0
    -1.11505 0 0 0
    -1.11398 0 0 0
    -1.11258 0 0 0
    -1.11181 0 0 0
    -1.11189 0 0 0
    -1.10984 0 0 0
    -1.10841 0 0 0
    -1.10835 0 0 0
    -1.10722 0 0 0
    -1.10587 0 0 0
    -1.10567 0 0 0
    -1.10427 0 0 0
    -1.10471 0 0 1
    -1.10111 0 0 0
     -1.1023 0 0 0
    -1.10084 0 0 0
    -1.09997 0 0 0
    -1.09866 0 0 0
    -1.09822 0 0 0
    -1.09777 0 0 0
     -1.0972 0 0 0
    -1.09631 0 0 0
    -1.09634 0 0 0
    -1.09562 0 0 0
    -1.09386 0 0 0
    -1.09351 0 0 0
    -1.09413 0 0 0
    -1.09231 0 0 0
    -1.09211 0 0 0
    -1.09124 0 0 0
    -1.08999 0 0 0
    -1.09029 0 0 0
    -1.08865 0 0 0
    -1.08775 0 0 0
    -1.08761 0 0 0
    -1.08677 0 0 0
    -1.08719 0 0 0
    -1.08477 0 0 0
    -1.08552 0 0 0
    -1.08308 0 0 0
    -1.08308 0 0 0
    -1.08266 0 0 0
    -1.08287 0 0 0
    -1.08182 0 0 0
     -1.0809 0 0 0
    -1.08075 0 0 0
    -1.07956 0 0 0
    -1.08075 0 0 0
    -1.07867 0 0 0
    -1.07825 0 0 0
     -1.0781 0 0 0
    -1.07685 0 0 0
    -1.07729 0 0 0
    -1.07712 0 0 0
    -1.07652 0 0 0
    -1.07455 0 0 0
    -1.07446 0 0 0
     -1.0744 0 0 0
    -1.07297 0 0 0
    -1.07345 0 0 0
    -1.07247 0 0 0
     -1.0725 0 0 0
    -1.07214 0 0 0
    -1.07121 0 0 0
    -1.07169 0 0 0
    -1.07023 0 0 0
    -1.07071 0 0 0
    -1.06952 0 0 0
    -1.06972 0 0 0
    -1.06952 0 0 0
     -1.0688 0 0 0
    -1.06785 0 0 0
    -1.06794 0 0 1
    -1.06722 0 0 0
    -1.06692 0 0 0
    -1.06624 0 0 0
     -1.0663 0 0 0
    -1.06555 0 0 0
    -1.06579 0 0 0
    -1.06463 0 0 0
    -1.06409 0 0 0
    -1.06323 0 0 0
     -1.0635 0 0 0
    -1.06418 0 0 0
    -1.06147 0 0 0
    -1.06236 0 0 0
    -1.06153 0 0 0
    -1.06224 0 0 0
    -1.06156 0 0 0
    -1.06025 0 0 0
    -1.06102 0 0 0
    -1.06049 0 0 0
    -1.05947 0 0 0
    -1.05867 0 0 0
    -1.05903 0 0 0
    -1.05858 0 0 0
    -1.05783 0 0 0
    -1.05804 0 0 0
     -1.0567 0 0 0
    -1.05703 0 0 0
    -1.05605 0 0 0
    -1.05643 0 0 0
    -1.05664 0 0 0
    -1.05536 0 0 0
    -1.05524 0 0 0
    -1.05619 0 0 0
    -1.05464 0 0 0
    -1.05432 0 0 0
    -1.05363 0 0 0
    -1.05396 0 0 0
    -1.05372 0 0 0
    -1.05318 0 0 0
    -1.05235 0 0 0
    -1.05229 0 0 0
    -1.05244 0 0 0
    -1.05175 0 0 0
     -1.0511 0 0 0
    -1.05089 0 0 0
    -1.05143 0 0 0
    -1.05101 0 0 0
    -1.05101 0 0 0
     -1.0497 0 0 0
    -1.05011 0 0 0
    -1.04928 0 1 0
    -1.04874 0 0 0
    -1.04952 0 0 0
    -1.04696 0 0 0
    -1.04699 0 0 0
    -1.04722 0 0 0
    -1.04675 0 0 0
    -1.04702 0 0 0
    -1.04663 0 0 0
    -1.04812 1 0 1
    -1.07825 1 0 0
    -1.12152 1 0 0
    -1.16786 1 0 0
    -1.20461 1 0 0
    -1.23122 1 0 0
    -1.25644 1 0 0
     -1.2702 1 0 0
    -1.28102 1 0 0
    -1.28832 1 0 0
    -1.29357 1 0 0
    -1.29688 1 0 0
    -1.30162 1 0 0
    -1.30382 1 0 0
    -1.30606 1 0 0
    -1.30942 1 0 0
    -1.31154 1 0 0
    -1.31175 1 0 0
    -1.31485 1 0 0
    -1.31616 1 0 0
    -1.31819 1 0 0
    -1.32111 1 0 0
    -1.32117 1 0 0
    -1.32298 1 0 0
    -1.32492 1 0 0
    -1.32614 1 0 0
    -1.32659 1 0 0
    -1.32847 1 0 0
    -1.32886 1 0 0
    -1.33112 1 0 0
    -1.33103 1 0 0
    -1.33246 1 0 0
    -1.33321 1 0 0
    -1.33488 1 0 0
    -1.33491 1 0 0
    -1.33675 1 0 0
    -1.33723 1 0 0
    -1.33875 1 0 0
     -1.3383 1 0 0
    -1.34024 1 0 0
    -1.34104 1 0 0
    -1.34072 1 0 0
    -1.34227 1 0 0
    -1.34358 1 0 0
    -1.34313 1 0 0
    -1.34483 1 0 0
    -1.34483 1 0 0
    -1.34563 1 0 0
     -1.3462 1 0 0
    -1.34608 1 0 0
    -1.34695 1 0 0
    -1.34906 1 0 0
    -1.34951 1 0 0
    -1.34876 1 0 0
    -1.35002 1 0 0
    -1.35022 1 0 0
    -1.35079 1 0 0
    -1.35106 1 0 0
    -1.35168 1 0 0
    -1.35285 1 0 1
    -1.35326 1 0 0
    -1.35294 1 0 0
    -1.35359 1 0 0
    -1.35374 1 0 0
    -1.35645 1 0 0
    -1.35574 1 0 0
    -1.35601 1 0 0
    -1.35732 1 0 0
    -1.35776 1 0 0
    -1.35738 1 0 0
    -1.35893 1 0 0
    -1.35857 1 0 0
    -1.35884 1 0 0
    -1.35881 1 0 0
    -1.36009 1 0 0
    -1.35908 1 0 0
    -1.36012 1 0 0
    -1.36155 1 0 0
    -1.36101 1 0 0
    -1.36098 1 0 0
    -1.36176 1 0 0
    -1.36161 1 0 0
    -1.36295 1 0 0
    -1.36274 1 0 0
    -1.36283 1 0 0
    -1.36387 1 0 0
    -1.36361 1 0 0
    -1.36355 1 0 0
    -1.36405 1 0 0
     -1.3642 1 0 0
    -1.36411 1 0 0
    -1.36465 1 0 0
     -1.3662 1 0 0
    -1.36611 1 0 0
    -1.36551 1 0 0
    -1.36587 1 0 0
     -1.3665 1 0 0
    -1.36673 1 0 0
    -1.36751 1 0 0
    -1.36799 1 0 0
    -1.36784 1 0 0
    -1.36834 1 0 0
    -1.36808 1 0 0
    -1.36864 1 0 0
    -1.36817 1 0 0
    -1.36974 1 0 0
    -1.36888 1 0 0
    -1.36891 1 0 0
    -1.36966 1 0 0
    -1.36998 1 0 0
    -1.37034 1 0 0
    -1.37031 1 0 0
     -1.3704 1 0 0
    -1.37237 1 0 0
     -1.3707 1 0 0
    -1.37055 1 0 0
    -1.37198 1 0 0
    -1.37171 1 0 0
    -1.37106 1 0 0
    -1.37177 1 0 1
    -1.37267 1 0 0
    -1.37219 1 0 0
     -1.3712 1 0 0
    -1.37213 1 0 0
    -1.37287 1 0 0
    -1.37213 1 0 0
    -1.37314 1 0 0
     -1.3729 1 0 0
     -1.3735 1 0 0
    -1.37416 1 0 0
    -1.37421 1 0 0
    -1.37502 1 0 0
    -1.37448 1 0 0
     -1.3755 1 0 0
    -1.37365 1 0 0
    -1.37451 1 0 0
    -1.37529 1 0 0
    -1.37487 1 0 0
    -1.37621 1 0 0
    -1.37573 1 0 0
    -1.37636 1 0 0
    -1.37675 1 0 0
    -1.37594 1 0 0
    -1.37636 1 0 0
    -1.37568 1 0 0
    -1.37743 1 0 0
    -1.37633 1 0 0
    -1.37657 1 0 0
     -1.3774 1 0 0
    -1.37684 1 0 0
    -1.37746 1 0 0
    -1.37678 1 0 0
    -1.37722 1 0 0
    -1.37794 1 0 0
    -1.37743 1 0 0
    -1.37779 1 0 0
    -1.37833 1 0 0
    -1.37925 1 0 0
    -1.37925 1 0 0
    -1.37883 1 0 0
    -1.37839 1 0 0
     -1.3794 1 0 0
    -1.37872 1 0 0
    -1.37886 1 0 0
    -1.37934 1 0 0
    -1.37889 1 0 0
    -1.38032 1 0 0
    -1.38053 1 0 0
    -1.37913 1 0 0
    -1.38035 1 0 0
    -1.38077 1 0 0
    -1.38018 1 0 0
    -1.38062 1 0 0
    -1.38065 1 0 0
    -1.38068 1 0 0
    -1.38012 1 0 0
    -1.38107 1 0 0
    -1.38077 1 0 0
     -1.3808 1 0 0
    -1.38101 1 0 1
    -1.38167 1 0 0
    -1.38137 1 0 0
     -1.3811 1 0 0
    -1.38125 1 0 0
    -1.38226 1 0 0
    -1.38107 1 0 0
    -1.38247 1 0 0
    -1.38265 1 0 0
    -1.38164 1 0 0
    -1.38217 1 0 0
    -1.38265 1 0 0
    -1.38324 1 0 0
    -1.38238 1 0 0
    -1.38223 1 0 0
     -1.3825 1 0 0
     -1.3822 1 0 0
    -1.38262 1 0 0
    -1.38351 1 0 0
    -1.38289 1 0 0
    -1.38372 1 0 0
    -1.38375 1 0 0
    -1.38301 1 0 0
    -1.38342 1 0 0
    -1.38366 1 0 0
    -1.38354 1 0 0
    -1.38435 1 0 0
    -1.38381 1 0 0
    -1.38387 1 0 0
    -1.38426 1 0 0
    -1.38462 1 0 0
    -1.38438 1 0 0
    -1.38474 1 0 0
     -1.3836 1 0 0
    -1.38459 1 0 0
    -1.38494 1 0 0
    -1.38527 1 0 0
    -1.38596 1 0 0
     -1.3859 1 0 0
    -1.38399 1 0 0
    -1.38626 1 0 0
    -1.38494 1 0 0
    -1.38593 1 0 0
    -1.38482 1 0 0
    -1.38617 1 0 0
     -1.3856 1 0 0
    -1.38596 1 0 0
    -1.38503 1 0 0
    -1.38685 1 0 0
    -1.38614 1 0 0
    -1.38542 1 0 0
    -1.38611 1 0 0
    -1.38631 1 0 0
    -1.38584 1 0 0
    -1.38628 1 0 0
    -1.38697 1 0 0
    -1.38623 1 0 0
    -1.38626 1 0 0
    -1.38697 1 0 0
    -1.38643 1 0 0
    -1.38617 1 0 1
    -1.38757 1 0 0
    -1.38715 1 0 0
    -1.38706 1 0 0
    -1.38739 1 0 0
     -1.3876 1 0 0
    -1.38754 1 0 0
    -1.38772 1 0 0
     -1.3881 1 0 0
    -1.38801 1 0 0
    -1.38691 1 0 0
    -1.38682 1 0 0
    -1.38664 1 0 0
    -1.38763 1 0 0
    -1.38751 1 0 0
    -1.38751 1 0 0
    -1.38804 1 0 0
    -1.38766 1 0 0
    -1.38777 1 0 0
     -1.3884 1 0 0
    -1.38772 1 0 0
    -1.38843 1 0 0
    -1.38909 1 0 0
    -1.38766 1 0 0
    -1.38828 1 0 0
    -1.38772 1 0 0
    -1.38751 1 0 0
    -1.38822 1 0 0
    -1.38798 1 0 0
    -1.38819 1 0 0
    -1.38903 1 0 0
    -1.38989 1 0 0
    -1.38816 1 0 0
    -1.38772 1 0 0
     -1.3887 1 0 0
    -1.38858 1 0 0
    -1.38861 1 0 0
    -1.38927 1 0 0
    -1.39049 1 0 0
    -1.38909 1 0 0
    -1.38831 1 0 0
    -1.38894 1 0 0
    -1.38924 1 0 0
    -1.38915 1 0 0
    -1.38858 1 0 0
    -1.38992 1 0 0
    -1.38876 1 0 0
    -1.38947 1 0 0
    -1.38938 1 0 0
     -1.3898 1 0 0
    -1.38992 1 0 0
    -1.38968 1 0 0
    -1.39034 1 0 0
    -1.38989 1 0 0
    -1.38918 1 0 0
    -1.38974 1 0 0
    -1.39019 1 0 0
    -1.38983 1 0 0
    -1.38977 1 0 0
    -1.38998 1 0 0
     -1.3895 1 0 1
    -1.39049 1 0 0
    -1.39076 1 0 0
    -1.38956 1 0 0
    -1.39105 1 0 0
    -1.39064 1 0 0
     -1.3918 1 0 0
    -1.39052 1 0 0
    -1.39141 1 0 0
    -1.39147 1 0 0
    -1.39081 1 0 0
    -1.39135 1 0 0
    -1.39087 1 0 0
    -1.39135 1 0 0
    -1.39114 1 0 0
    -1.39058 1 0 0
    -1.39135 1 0 0
    -1.39123 1 0 0
    -1.39129 1 0 0
    -1.39141 1 0 0
    -1.39269 1 0 0
    -1.39219 1 0 0
    -1.39186 1 0 0
    -1.39254 1 0 0
    -1.39108 1 0 0
     -1.3923 1 0 0
    -1.39174 1 0 0
    -1.39242 1 0 0
    -1.39114 1 0 0
    -1.39236 1 0 0
    -1.39141 1 0 0
    -1.39189 1 0 0
     -1.3918 1 0 0
    -1.39153 1 0 0
    -1.39177 1 0 0
    -1.39225 1 0 0
    -1.39254 1 0 0
     -1.3926 1 0 0
    -1.39251 1 0 0
    -1.39159 1 0 0
    -1.39141 1 0 0
    -1.39311 1 0 0
     -1.3923 1 0 0
    -1.39233 1 0 0
    -1.39359 1 0 0
    -1.39159 1 0 0
    -1.39219 1 0 0
    -1.39311 1 0 0
    -1.39242 1 0 0
    -1.39248 1 0 0
    -1.39278 1 0 0
     -1.3932 1 0 0
    -1.39317 1 0 0
    -1.39228 1 0 0
    -1.39278 1 0 0
    -1.39332 1 0 0
    -1.39195 1 0 0
    -1.39233 1 0 0
    -1.39168 1 0 0
    -1.39251 1 0 1
    -1.39299 1 0 0
    -1.39278 1 0 0
    -1.39236 1 0 0
    -1.39293 1 0 0
    -1.39254 1 0 0
    -1.39213 1 0 0
     -1.3929 1 0 0
    -1.39311 1 0 0
    -1.39365 1 0 0
    -1.39293 1 0 0
    -1.39365 1 0 0
    -1.39433 1 0 0
    -1.39329 1 0 0
     -1.3938 1 0 0
    -1.39347 1 0 0
    -1.39365 1 0 0
     -1.3935 1 0 0
    -1.39341 1 0 0
    -1.39409 1 0 0
    -1.39302 1 0 0
     -1.3946 1 0 0
    -1.39305 1 0 0
    -1.39257 1 0 0
    -1.39326 1 0 0
    -1.39365 1 0 0
    -1.39409 1 0 0
    -1.39317 1 0 0
    -1.39391 1 0 0
    -1.39371 1 0 0
    -1.39314 1 0 0
    -1.39424 1 0 0
    -1.39433 1 0 0
    -1.39299 1 0 0
    -1.39421 1 0 0
    -1.39388 1 0 0
    -1.39409 1 0 0
    -1.39305 1 0 0
    -1.39457 1 0 0
    -1.39472 1 0 0
    -1.39484 1 0 0
    -1.39365 1 0 0
    -1.39394 1 0 0
    -1.39403 1 0 0
    -1.39391 1 0 0
    -1.39511 1 0 0
    -1.39418 1 0 0
    -1.39365 1 0 0
    -1.39424 1 0 0
    -1.39371 1 0 0
    -1.39394 1 0 0
    -1.39457 1 0 0
    -1.39555 1 0 0
    -1.39484 1 0 0
    -1.39484 1 0 0
      -1.394 1 0 0
     -1.3943 1 0 0
    -1.39436 1 0 0
    -1.39499 1 0 0
    -1.39472 1 0 0
    -1.39457 1 0 1
     -1.3943 1 0 0
    -1.39451 1 0 0
    -1.39385 1 0 0
    -1.39466 1 0 0
    -1.39472 1 0 0
    -1.39424 1 0 0
    -1.39439 1 0 0
    -1.39579 1 0 0
    -1.39484 1 0 0
    -1.39427 1 0 0
    -1.39505 1 0 0
     -1.3949 1 0 0
    -1.39332 1 0 0
    -1.39466 1 0 0
    -1.39496 1 0 0
     -1.3932 1 0 0
    -1.39439 1 0 0
    -1.39457 1 0 0
    -1.39466 1 0 0
    -1.39347 1 0 0
    -1.39454 1 0 0
    -1.39409 1 0 0
    -1.39442 1 0 0
    -1.39502 1 0 0
    -1.39481 1 0 0
    -1.39418 1 0 0
    -1.39511 1 0 0
    -1.39514 1 0 0
    -1.39454 1 0 0
    -1.39454 1 0 0
    -1.39552 1 0 0
     -1.3957 1 0 0
    -1.39514 1 0 0
    -1.39511 1 0 0
     -1.3949 1 0 0
    -1.39537 1 0 0
    -1.39517 1 0 0
    -1.39529 1 0 0
    -1.39484 1 0 0
    -1.39582 1 0 0
    -1.39585 1 0 0
    -1.39567 1 0 0
    -1.39502 1 0 0
    -1.39546 1 0 0
    -1.39579 1 0 0
    -1.39496 1 0 0
    -1.39478 1 0 0
    -1.39496 1 0 0
    -1.39537 1 0 0
    -1.39591 1 0 0
    -1.39582 1 0 0
    -1.39591 1 0 0
    -1.39639 1 0 0
    -1.39508 1 0 0
    -1.39526 1 0 0
    -1.39496 1 0 0
    -1.39642 1 0 0
    -1.39597 1 0 0
    -1.39531 1 0 0
    -1.39591 1 0 1
    -1.39663 1 0 0
    -1.39624 1 0 0
    -1.39642 1 0 0
    -1.39743 1 0 0
    -1.39603 1 0 0
    -1.39666 1 0 0
    -1.39555 1 0 0
    -1.39689 1 0 0
    -1.39585 1 0 0
    -1.39701 1 0 0
    -1.39594 1 0 0
    -1.39612 1 0 0
    -1.39597 1 0 0
    -1.39633 1 0 0
    -1.39543 1 0 0
    -1.39597 1 0 0
    -1.39698 1 0 0
    -1.39686 1 0 0
     -1.3963 1 0 0
    -1.39689 1 0 0
    -1.39654 1 0 0
    -1.39594 1 0 0
    -1.39573 1 0 0
    -1.39555 1 0 0
    -1.39588 1 0 0
    -1.39609 1 0 0
    -1.39755 1 0 0
    -1.39564 1 0 0
    -1.39576 1 0 0
    -1.39683 1 0 0
    -1.39591 1 0 0
    -1.39597 1 0 0
    -1.39657 1 0 0
    -1.39743 1 0 0
    -1.39624 1 0 0
    -1.39716 1 0 0
    -1.39689 1 0 0
    -1.39612 1 0 0
    -1.39704 1 0 0
    -1.39636 1 0 0
    -1.39585 1 0 0
    -1.39675 1 0 0
    -1.39606 1 0 0
    -1.39552 1 0 0
    -1.39669 1 0 0
    -1.39675 1 0 0
    -1.39666 1 0 0
    -1.39701 1 0 0
    -1.39755 1 0 0
    -1.39725 1 0 0
    -1.39669 1 1 0
    -1.39722 1 0 0
    -1.39573 1 0 0
    -1.39713 1 0 0
     -1.3974 1 0 0
    -1.39675 1 0 0
    -1.39672 1 0 0
    -1.39642 1 0 0
    -1.39779 1 0 0
    -1.39636 0 0 1
    -1.33082 0 0 0
    -1.25775 0 0 0
    -1.25206 0 0 0
    -1.24741 0 0 0
     -1.2424 0 0 0
    -1.23498 0 0 0
    -1.21292 0 0 0
    -1.19534 0 0 0
    -1.19773 0 0 0
    -1.18992 0 0 0
    -1.18718 0 0 0
    -1.18273 0 0 0
    -1.17967 0 0 0
    -1.17469 0 0 0
    -1.17201 0 0 0
    -1.16944 0 0 0
    -1.16602 0 0 0
    -1.16366 0 0 0
    -1.16029 0 0 0
     -1.1597 0 0 0
    -1.15532 0 0 0
    -1.15353 0 0 0
     -1.1518 0 0 0
    -1.14855 0 0 0
    -1.14727 0 0 0
    -1.14518 0 0 0
    -1.14369 0 0 0
    -1.14137 0 0 0
    -1.14077 0 0 0
    -1.13866 0 0 0
    -1.13562 0 0 0
    -1.13538 0 0 0
    -1.13341 0 0 0
    -1.13168 0 0 0
    -1.13106 0 0 0
    -1.12885 0 0 0
    -1.12852 0 0 0
    -1.12543 0 0 0
    -1.12587 0 0 0
    -1.12319 0 0 0
    -1.12295 0 0 0
    -1.12072 0 0 0
    -1.11932 0 0 0
    -1.11759 0 0 0
    -1.11774 0 0 0
    -1.11559 0 0 0
    -1.11499 0 0 0
    -1.11383 0 0 0
    -1.11312 0 0 0
    -1.11228 0 0 0
    -1.11127 0 0 0
    -1.10936 0 0 0
    -1.10903 0 0 0
    -1.10683 0 0 0
    -1.10698 0 0 0
    -1.10605 0 0 0
    -1.10546 0 0 0
    -1.10346 0 0 0
    -1.10337 0 0 1
    -1.10263 0 0 0
    -1.10063 0 0 0
    -1.10078 0 0 0
    -1.09926 0 0 0
    -1.09872 0 0 0
    -1.09729 0 0 0
    -1.09729 0 0 0
     -1.0972 0 0 0
    -1.09562 0 0 0
    -1.09646 0 0 0
    -1.09401 0 0 0
    -1.09416 0 0 0
    -1.09348 0 0 0
    -1.09276 0 0 0
    -1.09172 0 0 0
    -1.09085 0 0 0
    -1.08984 0 0 0
    -1.08972 0 0 0
    -1.08907 0 0 0
    -1.08781 0 0 0
    -1.08811 0 0 0
    -1.08609 0 0 0
    -1.08641 0 0 0
    -1.08537 0 0 0
    -1.08534 0 0 0
    -1.08424 0 0 0
     -1.0832 0 0 0
    -1.08278 0 0 0
    -1.08257 0 0 0
    -1.08176 0 0 0
    -1.08036 0 0 0
    -1.08162 0 0 0
    -1.08021 0 0 0
     -1.0798 0 0 0
    -1.07935 0 0 0
    -1.07819 0 0 0
    -1.07777 0 0 0
     -1.0775 0 0 0
    -1.07759 0 0 0
    -1.07557 0 0 0
    -1.07613 0 0 0
    -1.07622 0 0 0
    -1.07506 0 0 0
    -1.07539 0 0 0
    -1.07408 0 0 0
     -1.0744 0 0 0
     -1.0719 0 0 0
     -1.0719 0 0 0
    -1.07238 0 0 0
    -1.07169 0 0 0
    -1.07077 0 0 0
    -1.07005 0 0 0
    -1.07121 0 0 0
    -1.07035 0 0 0
    -1.06978 0 0 0
    -1.06788 0 0 0
    -1.06907 0 0 0
    -1.06838 0 0 0
    -1.06683 0 0 0
    -1.06788 0 0 1
    -1.06657 0 0 0
    -1.06728 0 0 0
    -1.06651 0 0 0
    -1.06588 0 0 0
    -1.06519 0 0 0
    -1.06475 0 0 0
    -1.06484 0 0 0
    -1.06341 0 0 0
    -1.06338 0 0 0
    -1.06299 0 0 0
    -1.06204 0 0 0
    -1.06218 0 0 0
    -1.06144 0 0 0
    -1.06099 0 0 0
    -1.06165 0 0 0
    -1.06055 0 0 0
    -1.06001 0 0 0
    -1.05962 0 0 0
    -1.05947 0 0 0
    -1.05897 0 0 0
    -1.05911 0 0 0
     -1.0573 0 0 0
    -1.05846 0 0 0
    -1.05768 0 0 0
    -1.05757 0 0 0
    -1.05697 0 0 0
    -1.05578 0 0 0
    -1.05688 0 0 0
    -1.05584 0 0 0
    -1.05497 0 0 0
    -1.05512 0 0 0
    -1.05494 0 0 0
    -1.05485 0 0 0
    -1.05366 0 0 0
    -1.05393 0 0 0
    -1.05312 0 0 0
    -1.05447 0 0 0
    -1.05274 0 0 0
    -1.05327 0 0 0
    -1.05268 0 0 0
    -1.05187 0 0 0
    -1.05157 0 0 0
    -1.05155 0 0 0
     -1.0508 0 0 0
    -1.05062 0 0 0
     -1.0491 0 0 0
    -1.04937 0 0 0
    -1.04889 0 0 0
    -1.04889 0 0 0
    -1.04913 0 0 0
    -1.04767 0 0 0
    -1.04749 0 1 0
    -1.04797 0 0 0
    -1.04716 0 0 0
    -1.04663 0 0 0
    -1.04728 0 0 0
    -1.04648 0 0 0
    -1.04508 0 0 0
    -1.04666 0 0 0
    -1.04544 1 0 1
    -1.05408 1 0 0
    -1.09628 1 0 0
     -1.1422 1 0 0
     -1.1867 1 0 0
    -1.21841 1 0 0
    -1.24323 1 0 0
     -1.2641 1 0 0
    -1.27596 1 0 0
    -1.28376 1 0 0
    -1.28964 1 0 0
    -1.29476 1 0 0
    -1.29804 1 0 0
    -1.30177 1 0 0
    -1.30415 1 0 0
    -1.30707 1 0 0
    -1.30969 1 0 0
     -1.3116 1 0 0
    -1.31345 1 0 0
    -1.31533 1 0 0
    -1.31544 1 0 0
    -1.31881 1 0 0
     -1.3198 1 0 0
    -1.32218 1 0 0
     -1.3231 1 0 0
    -1.32361 1 0 0
    -1.32543 1 0 0
    -1.32659 1 0 0
    -1.32787 1 0 0
    -1.32787 1 0 0
    -1.33011 1 0 0
      -1.331 1 0 0
    -1.33181 1 0 0
    -1.33291 1 0 0
     -1.3355 1 0 0
    -1.33467 1 0 0
    -1.33628 1 0 0
    -1.33696 1 0 0
    -1.33851 1 0 0
     -1.3386 1 0 0
    -1.34003 1 0 0
    -1.34099 1 0 0
    -1.34128 1 0 0
    -1.34194 1 0 0
     -1.3428 1 0 0
    -1.34355 1 0 0
    -1.34364 1 0 0
    -1.34528 1 0 0
    -1.34516 1 0 0
    -1.34751 1 0 0
     -1.3468 1 0 0
    -1.34689 1 0 0
    -1.34924 1 0 0
    -1.34847 1 0 0
    -1.34936 1 0 0
    -1.34954 1 0 0
     -1.3499 1 0 0
    -1.35133 1 0 0
     -1.3513 1 0 0
    -1.35246 1 0 0
    -1.35282 1 0 1
    -1.35323 1 0 0
    -1.35383 1 0 0
    -1.35416 1 0 0
     -1.3546 1 0 0
    -1.35562 1 0 0
    -1.35574 1 0 0
    -1.35618 1 0 0
    -1.35508 1 0 0
    -1.35684 1 0 0
    -1.35624 1 0 0
    -1.35812 1 0 0
    -1.35764 1 0 0
    -1.35806 1 0 0
     -1.3583 1 0 0
    -1.35922 1 0 0
     -1.3597 1 0 0
    -1.36054 1 0 0
    -1.35976 1 0 0
    -1.36104 1 0 0
    -1.36107 1 0 0
    -1.36182 1 0 0
    -1.36238 1 0 0
    -1.36134 1 0 0
    -1.36328 1 0 0
    -1.36286 1 0 0
    -1.36253 1 0 0
    -1.36366 1 0 0
    -1.36334 1 0 0
    -1.36417 1 0 0
    -1.36524 1 0 0
    -1.36444 1 0 0
     -1.3645 1 0 0
    -1.36468 1 0 0
    -1.36584 1 0 0
    -1.36563 1 0 0
     -1.3659 1 0 0
    -1.36572 1 0 0
    -1.36584 1 0 0
    -1.36676 1 0 0
    -1.36703 1 0 0
    -1.36638 1 0 0
    -1.36805 1 0 0
    -1.36751 1 0 0
     -1.3687 1 0 0
    -1.36822 1 0 0
    -1.36849 1 0 0
    -1.36808 1 0 0
    -1.36891 1 0 0
    -1.36873 1 0 0
    -1.36927 1 0 0
    -1.36939 1 0 0
    -1.36957 1 0 0
    -1.37022 1 0 0
     -1.3698 1 0 0
    -1.37007 1 0 0
    -1.37132 1 0 0
     -1.3707 1 0 0
    -1.37043 1 0 0
    -1.37046 1 0 0
    -1.37091 1 0 1
    -1.37159 1 0 0
    -1.37132 1 0 0
    -1.37162 1 0 0
    -1.37186 1 0 0
    -1.37252 1 0 0
    -1.37222 1 0 0
    -1.37272 1 0 0
    -1.37284 1 0 0
    -1.37371 1 0 0
    -1.37416 1 0 0
    -1.37404 1 0 0
    -1.37353 1 0 0
    -1.37463 1 0 0
     -1.3749 1 0 0
    -1.37436 1 0 0
    -1.37436 1 0 0
    -1.37362 1 0 0
    -1.37344 1 0 0
    -1.37517 1 0 0
    -1.37529 1 0 0
    -1.37493 1 0 0
    -1.37573 1 0 0
    -1.37562 1 0 0
    -1.37717 1 0 0
    -1.37511 1 0 0
    -1.37615 1 0 0
    -1.37588 1 0 0
    -1.37693 1 0 0
    -1.37526 1 0 0
    -1.37666 1 0 0
    -1.37693 1 0 0
    -1.37654 1 0 0
     -1.3774 1 0 0
    -1.37642 1 0 0
    -1.37761 1 0 0
    -1.37737 1 0 0
    -1.37788 1 0 0
    -1.37866 1 0 0
    -1.37827 1 0 0
    -1.37767 1 0 0
    -1.37821 1 0 0
    -1.37857 1 0 0
    -1.37866 1 0 0
    -1.37886 1 0 0
    -1.37922 1 0 0
    -1.37922 1 0 0
     -1.3788 1 0 0
    -1.37937 1 0 0
    -1.37869 1 0 0
    -1.38083 1 0 0
    -1.37925 1 0 0
    -1.38098 1 0 0
    -1.38065 1 0 0
    -1.37985 1 0 0
    -1.38044 1 0 0
    -1.38009 1 0 0
    -1.38044 1 0 0
    -1.38089 1 0 0
    -1.38083 1 0 1
    -1.38015 1 0 0
    -1.38131 1 0 0
    -1.38137 1 0 0
    -1.38098 1 0 0
     -1.3811 1 0 0
    -1.38217 1 0 0
    -1.38208 1 0 0
    -1.38181 1 0 0
    -1.38205 1 0 0
    -1.38262 1 0 0
    -1.38181 1 0 0
     -1.3819 1 0 0
    -1.38289 1 0 0
    -1.38158 1 0 0
     -1.3833 1 0 0
    -1.38289 1 0 0
    -1.38313 1 0 0
     -1.3825 1 0 0
    -1.38348 1 0 0
    -1.38223 1 0 0
    -1.38301 1 0 0
    -1.38271 1 0 0
    -1.38402 1 0 0
    -1.38327 1 0 0
    -1.38232 1 0 0
    -1.38327 1 0 0
    -1.38426 1 0 0
     -1.3833 1 0 0
    -1.38435 1 0 0
    -1.38393 1 0 0
    -1.38414 1 0 0
    -1.38465 1 0 0
    -1.38527 1 0 0
    -1.38387 1 0 0
    -1.38465 1 0 0
    -1.38435 1 0 0
      -1.385 1 0 0
    -1.38491 1 0 0
    -1.38474 1 0 0
    -1.38551 1 0 0
    -1.38482 1 0 0
    -1.38393 1 0 0
     -1.3845 1 0 0
    -1.38539 1 0 0
    -1.38563 1 0 0
    -1.38578 1 0 0
    -1.38453 1 0 0
    -1.38456 1 0 0
    -1.38545 1 0 0
    -1.38554 1 0 0
    -1.38596 1 0 0
    -1.38649 1 0 0
    -1.38649 1 0 0
    -1.38611 1 0 0
    -1.38608 1 0 0
     -1.3856 1 0 0
    -1.38646 1 0 0
    -1.38658 1 0 0
    -1.38626 1 0 0
    -1.38783 1 0 1
    -1.38667 1 0 0
    -1.38691 1 0 0
    -1.38602 1 0 0
    -1.38688 1 0 0
    -1.38605 1 0 0
    -1.38703 1 0 0
    -1.38664 1 0 0
    -1.38631 1 0 0
    -1.38697 1 0 0
    -1.38673 1 0 0
    -1.38709 1 0 0
    -1.38712 1 0 0
    -1.38655 1 0 0
    -1.38739 1 0 0
    -1.38736 1 0 0
    -1.38691 1 0 0
    -1.38852 1 0 0
    -1.38712 1 0 0
    -1.38736 1 0 0
    -1.38804 1 0 0
    -1.38789 1 0 0
    -1.38751 1 0 0
    -1.38777 1 0 0
    -1.38721 1 0 0
    -1.38822 1 0 0
     -1.3876 1 0 0
    -1.38885 1 0 0
    -1.38858 1 0 0
    -1.38816 1 0 0
    -1.38864 1 0 0
    -1.38858 1 0 0
    -1.38822 1 0 0
    -1.38876 1 0 0
    -1.39007 1 0 0
    -1.38843 1 0 0
    -1.38921 1 0 0
    -1.38882 1 0 0
    -1.38903 1 0 0
    -1.38894 1 0 0
    -1.38897 1 0 0
    -1.38733 1 0 0
    -1.38929 1 0 0
    -1.38828 1 0 0
    -1.38885 1 0 0
    -1.38849 1 0 0
    -1.38962 1 0 0
    -1.38941 1 0 0
    -1.38921 1 0 0
    -1.38804 1 0 0
    -1.38894 1 0 0
    -1.38929 1 0 0
    -1.38953 1 0 0
    -1.38903 1 0 0
    -1.39013 1 0 0
    -1.38921 1 0 0
     -1.3898 1 0 0
    -1.39058 1 0 0
    -1.38909 1 0 0
    -1.39007 1 0 0
    -1.38977 1 0 1
    -1.38962 1 0 0
    -1.38965 1 0 0
    -1.38986 1 0 0
    -1.39141 1 0 0
    -1.39123 1 0 0
    -1.39064 1 0 0
    -1.39028 1 0 0
    -1.39028 1 0 0
    -1.39034 1 0 0
    -1.39049 1 0 0
    -1.39108 1 0 0
     -1.3895 1 0 0
    -1.39055 1 0 0
    -1.39028 1 0 0
    -1.38924 1 0 0
    -1.39061 1 0 0
    -1.39073 1 0 0
     -1.3912 1 0 0
    -1.39046 1 0 0
    -1.39073 1 0 0
    -1.39105 1 0 0
    -1.39067 1 0 0
    -1.39126 1 0 0
    -1.39022 1 0 0
    -1.39055 1 0 0
    -1.39141 1 0 0
    -1.39114 1 0 0
    -1.39174 1 0 0
    -1.39087 1 0 0
    -1.39114 1 0 0
     -1.3918 1 0 0
    -1.39073 1 0 0
    -1.39019 1 0 0
    -1.39195 1 0 0
    -1.39078 1 0 0
    -1.39204 1 0 0
    -1.39147 1 0 0
    -1.39031 1 0 0
     -1.3918 1 0 0
    -1.39123 1 0 0
    -1.39219 1 0 0
     -1.3918 1 0 0
    -1.39105 1 0 0
    -1.39135 1 0 0
    -1.39207 1 0 0
    -1.39126 1 0 0
    -1.39233 1 0 0
     -1.3918 1 0 0
    -1.39093 1 0 0
    -1.39272 1 0 0
    -1.39228 1 0 0
    -1.39266 1 0 0
    -1.39213 1 0 0
    -1.39281 1 0 0
    -1.39213 1 0 0
    -1.39141 1 0 0
    -1.39207 1 0 0
    -1.39266 1 0 0
    -1.39168 1 0 0
    -1.39138 1 0 1
    -1.39147 1 0 0
    -1.39201 1 0 0
    -1.39245 1 0 0
    -1.39278 1 0 0
    -1.39251 1 0 0
    -1.39269 1 0 0
    -1.39242 1 0 0
    -1.39266 1 0 0
    -1.39254 1 0 0
    -1.39359 1 0 0
    -1.39245 1 0 0
    -1.39207 1 0 0
    -1.39308 1 0 0
    -1.39338 1 0 0
    -1.39278 1 0 0
    -1.39195 1 0 0
    -1.39403 1 0 0
    -1.39195 1 0 0
    -1.39284 1 0 0
    -1.39239 1 0 0
    -1.39326 1 0 0
     -1.3921 1 0 0
    -1.39362 1 0 0
    -1.39275 1 0 0
    -1.39371 1 0 0
    -1.39239 1 0 0
     -1.3935 1 0 0
     -1.3935 1 0 0
    -1.39353 1 0 0
    -1.39281 1 0 0
    -1.39299 1 0 0
     -1.3921 1 0 0
    -1.39314 1 0 0
    -1.39463 1 0 0
    -1.39329 1 0 0
      -1.394 1 0 0
    -1.39359 1 0 0
    -1.39365 1 0 0
    -1.39311 1 0 0
    -1.39353 1 0 0
    -1.39385 1 0 0
    -1.39353 1 0 0
    -1.39359 1 0 0
    -1.39248 1 0 0
    -1.39347 1 0 0
    -1.39344 1 0 0
    -1.39332 1 0 0
    -1.39388 1 0 0
    -1.39317 1 0 0
    -1.39359 1 0 0
     -1.3926 1 0 0
    -1.39338 1 0 0
    -1.39338 1 0 0
    -1.39412 1 0 0
    -1.39305 1 0 0
     -1.3938 1 0 0
    -1.39424 1 0 0
    -1.39436 1 0 0
    -1.39412 1 0 0
    -1.39442 1 0 1
    -1.39371 1 0 0
    -1.39445 1 0 0
    -1.39382 1 0 0
      -1.394 1 0 0
    -1.39305 1 0 0
     -1.3943 1 0 0
    -1.39323 1 0 0
    -1.39418 1 0 0
    -1.39651 1 0 0
    -1.39734 1 0 0
    -1.39529 1 0 0
    -1.39463 1 0 0
    -1.39496 1 0 0
    -1.39436 1 0 0
    -1.39436 1 0 0
    -1.39508 1 0 0
     -1.3932 1 0 0
    -1.39353 1 0 0
    -1.39326 1 0 0
     -1.3938 1 0 0
    -1.39332 1 0 0
    -1.39293 1 0 0
    -1.39451 1 0 0
    -1.39311 1 0 0
    -1.39424 1 0 0
    -1.39377 1 0 0
    -1.39442 1 0 0
      -1.394 1 0 0
    -1.39439 1 0 0
    -1.39564 1 0 0
    -1.39457 1 0 0
    -1.39451 1 0 0
    -1.39418 1 0 0
    -1.39356 1 0 0
    -1.39445 1 0 0
    -1.39624 1 0 0
    -1.39394 1 0 0
    -1.39475 1 0 0
      -1.394 1 0 0
    -1.39511 1 0 0
    -1.39406 1 0 0
     -1.3952 1 0 0
    -1.39439 1 0 0
    -1.39385 1 0 0
    -1.39529 1 0 0
    -1.39493 1 0 0
     -1.3952 1 0 0
    -1.39463 1 0 0
    -1.39457 1 0 0
    -1.39546 1 0 0
    -1.39549 1 0 0
    -1.39517 1 0 0
    -1.39445 1 0 0
    -1.39549 1 0 0
    -1.39531 1 0 0
    -1.39496 1 0 0
    -1.39555 1 0 0
     -1.3957 1 0 0
    -1.39523 1 0 1
    -1.39576 1 0 0
    -1.39478 1 0 0
     -1.3957 1 0 0
    -1.39493 1 0 0
    -1.39582 1 0 0
    -1.39511 1 0 0
    -1.39445 1 0 0
    -1.39531 1 0 0
    -1.39511 1 0 0
    -1.39508 1 0 0
    -1.39576 1 0 0
    -1.39594 1 0 0
    -1.39624 1 0 0
    -1.39645 1 0 0
     -1.3954 1 0 0
      -1.396 1 0 0
    -1.39633 1 0 0
    -1.39615 1 0 0
    -1.39585 1 0 0
    -1.39552 1 0 0
    -1.39493 1 0 0
    -1.39514 1 0 0
    -1.39594 1 0 0
    -1.39534 1 0 0
    -1.39615 1 0 0
    -1.39582 1 0 0
    -1.39529 1 0 0
    -1.39651 1 0 0
    -1.39564 1 0 0
    -1.39514 1 0 0
     -1.3966 1 0 0
     -1.3963 1 0 0
    -1.39543 1 0 0
    -1.39624 1 0 0
     -1.3949 1 0 0
    -1.39606 1 0 0
    -1.39594 1 0 0
    -1.39648 1 0 0
     -1.3957 1 0 0
    -1.39681 1 0 0
    -1.39606 1 0 0
    -1.39657 1 0 0
     -1.3963 1 0 0
    -1.39546 1 0 0
    -1.39669 1 0 0
    -1.39666 1 0 0
    -1.39621 1 0 0
    -1.39683 1 0 0
    -1.39555 1 0 0
     -1.3957 1 0 0
    -1.39615 1 1 0
    -1.39642 1 0 0
    -1.39609 1 0 0
    -1.39612 1 0 0
    -1.39624 1 0 0
    -1.39663 1 0 0
    -1.39627 1 0 0
    -1.39627 1 0 0
    -1.39645 1 0 0
    -1.39689 0 0 1
    -1.37854 0 0 0
    -1.27891 0 0 0
    -1.25197 0 0 0
    -1.24791 0 0 0
    -1.24231 0 0 0
    -1.23623 0 0 0
    -1.22568 0 0 0
     -1.1948 0 0 0
    -1.19713 0 0 0
    -1.19257 0 0 0
     -1.1881 0 0 0
    -1.18205 0 0 0
     -1.1794 0 0 0
    -1.17519 0 0 0
    -1.17347 0 0 0
     -1.1692 0 0 0
    -1.16676 0 0 0
    -1.16459 0 0 0
    -1.16149 0 0 0
    -1.15877 0 0 0
    -1.15666 0 0 0
    -1.15454 0 0 0
    -1.15207 0 0 0
    -1.15043 0 0 0
    -1.14673 0 0 0
    -1.14602 0 0 0
    -1.14349 0 0 0
    -1.14185 0 0 0
    -1.13922 0 0 0
    -1.13815 0 0 0
     -1.1366 0 0 0
    -1.13332 0 0 0
    -1.13356 0 0 0
    -1.13136 0 0 0
    -1.12942 0 0 0
    -1.12802 0 0 0
    -1.12653 0 0 0
    -1.12623 0 0 0
    -1.12411 0 0 0
    -1.12253 0 0 0
    -1.12152 0 0 0
    -1.12021 0 0 0
    -1.11976 0 0 0
    -1.11789 0 0 0
    -1.11711 0 0 0
    -1.11568 0 0 0
    -1.11324 0 0 0
    -1.11285 0 0 0
    -1.11189 0 0 0
     -1.1102 0 0 0
    -1.10954 0 0 0
    -1.10975 0 0 0
    -1.10775 0 0 0
    -1.10644 0 0 0
    -1.10617 0 0 0
    -1.10593 0 0 0
    -1.10406 0 0 0
    -1.10319 0 0 0
    -1.10286 0 0 0
    -1.10096 0 0 1
    -1.10143 0 0 0
    -1.10021 0 0 0
    -1.09872 0 0 0
    -1.09702 0 0 0
    -1.09717 0 0 0
    -1.09634 0 0 0
    -1.09476 0 0 0
    -1.09419 0 0 0
    -1.09458 0 0 0
      -1.093 0 0 0
    -1.09324 0 0 0
    -1.09112 0 0 0
    -1.09163 0 0 0
    -1.09103 0 0 0
    -1.08945 0 0 0
    -1.08936 0 0 0
    -1.08868 0 0 0
    -1.08731 0 0 0
    -1.08799 0 0 0
    -1.08653 0 0 0
    -1.08609 0 0 0
    -1.08576 0 0 0
    -1.08451 0 0 0
    -1.08424 0 0 0
    -1.08352 0 0 0
    -1.08263 0 0 0
    -1.08135 0 0 0
    -1.08194 0 0 0
    -1.08129 0 0 0
    -1.08045 0 0 0
    -1.07911 0 0 0
    -1.07896 0 0 0
    -1.07771 0 0 0
    -1.07825 0 0 0
      -1.077 0 0 0
    -1.07592 0 0 0
    -1.07756 0 0 0
    -1.07482 0 0 0
    -1.07625 0 0 0
    -1.07533 0 0 0
     -1.0736 0 0 0
     -1.0739 0 0 0
    -1.07369 0 0 0
    -1.07247 0 0 0
     -1.0727 0 0 0
    -1.07282 0 0 0
    -1.07166 0 0 0
    -1.07136 0 0 0
    -1.06955 0 0 0
    -1.06946 0 0 0
    -1.06999 0 0 0
     -1.0682 0 0 0
    -1.06892 0 0 0
    -1.06806 0 0 0
    -1.06776 0 0 0
    -1.06686 0 0 0
    -1.06597 0 0 0
    -1.06588 0 0 0
    -1.06436 0 0 0
    -1.06505 0 0 1
    -1.06573 0 0 0
    -1.06475 0 0 0
    -1.06466 0 0 0
    -1.06469 0 0 0
    -1.06397 0 0 0
    -1.06359 0 0 0
    -1.06251 0 0 0
    -1.06233 0 0 0
    -1.06215 0 0 0
    -1.06218 0 0 0
    -1.06069 0 0 0
    -1.05956 0 0 0
    -1.06093 0 0 0
    -1.05998 0 0 0
    -1.06013 0 0 0
    -1.05965 0 0 0
    -1.05873 0 0 0
    -1.05816 0 0 0
    -1.05697 0 0 0
     -1.0576 0 0 0
    -1.05688 0 0 0
    -1.05655 0 0 0
     -1.0564 0 0 0
    -1.05578 0 0 0
    -1.05533 0 0 0
    -1.05518 0 0 0
    -1.05408 0 0 0
    -1.05464 0 0 0
     -1.0525 0 0 0
    -1.05432 0 0 0
    -1.05381 0 0 0
    -1.05298 0 0 0
    -1.05286 0 0 0
    -1.05202 0 0 0
    -1.05149 0 0 0
    -1.05163 0 0 0
    -1.05157 0 0 0
    -1.05068 0 0 0
    -1.05077 0 0 0
     -1.0511 0 0 0
    -1.05041 0 0 0
    -1.04943 0 0 0
    -1.05056 0 0 0
    -1.04827 0 0 0
    -1.04904 0 0 0
    -1.04859 0 0 0
    -1.04755 0 0 0
    -1.04734 0 0 0
    -1.04809 0 0 0
    -1.04746 0 0 0
    -1.04848 0 1 0
    -1.04696 0 0 0
    -1.04749 0 0 0
    -1.04663 0 0 0
    -1.04612 0 0 0
    -1.04499 0 0 0
    -1.04487 0 0 0
    -1.04514 0 0 0
    -1.04493 1 0 1
    -1.04371 1 0 0
    -1.06966 1 0 0
    -1.12516 1 0 0
    -1.17359 1 0 0
    -1.20962 1 0 0
    -1.23328 1 0 0
    -1.25799 1 0 0
    -1.27164 1 0 0
    -1.28129 1 0 0
    -1.28734 1 0 0
      -1.293 1 0 0
    -1.29741 1 0 0
    -1.30093 1 0 0
    -1.30329 1 0 0
    -1.30534 1 0 0
    -1.30835 1 0 0
    -1.31121 1 0 0
     -1.3116 1 0 0
    -1.31422 1 0 0
    -1.31658 1 0 0
    -1.31664 1 0 0
    -1.31911 1 0 0
    -1.32096 1 0 0
    -1.32322 1 0 0
    -1.32293 1 0 0
    -1.32474 1 0 0
     -1.3257 1 0 0
    -1.32668 1 0 0
    -1.32817 1 0 0
    -1.33058 1 0 0
    -1.33014 1 0 0
    -1.33142 1 0 0
    -1.33261 1 0 0
    -1.33345 1 0 0
     -1.3352 1 0 0
    -1.33517 1 0 0
    -1.33768 1 0 0
    -1.33774 1 0 0
    -1.33798 1 0 0
    -1.33967 1 0 0
    -1.34042 1 0 0
    -1.34048 1 0 0
    -1.34125 1 0 0
    -1.34173 1 0 0
    -1.34319 1 0 0
    -1.34417 1 0 0
    -1.34456 1 0 0
    -1.34581 1 0 0
    -1.34677 1 0 0
    -1.34692 1 0 0
    -1.34778 1 0 0
    -1.34689 1 0 0
    -1.34864 1 0 0
    -1.34781 1 0 0
    -1.34954 1 0 0
    -1.35013 1 0 0
    -1.34999 1 0 0
    -1.35159 1 0 0
    -1.35222 1 0 0
    -1.35127 1 0 1
    -1.35177 1 0 0
    -1.35228 1 0 0
    -1.35401 1 0 0
    -1.35422 1 0 0
     -1.3552 1 0 0
    -1.35541 1 0 0
    -1.35416 1 0 0
    -1.35615 1 0 0
    -1.35621 1 0 0
    -1.35726 1 0 0
    -1.35726 1 0 0
    -1.35797 1 0 0
    -1.35815 1 0 0
      -1.358 1 0 0
    -1.35884 1 0 0
      -1.358 1 0 0
    -1.35991 1 0 0
    -1.35961 1 0 0
    -1.36048 1 0 0
    -1.36086 1 0 0
    -1.36167 1 0 0
    -1.36149 1 0 0
    -1.36185 1 0 0
      -1.362 1 0 0
    -1.36226 1 0 0
    -1.36271 1 0 0
    -1.36325 1 0 0
    -1.36346 1 0 0
    -1.36459 1 0 0
    -1.36462 1 0 0
    -1.36426 1 0 0
    -1.36432 1 0 0
    -1.36527 1 0 0
    -1.36596 1 0 0
    -1.36593 1 0 0
    -1.36647 1 0 0
    -1.36599 1 0 0
    -1.36703 1 0 0
    -1.36635 1 0 0
    -1.36787 1 0 0
    -1.36709 1 0 0
    -1.36769 1 0 0
    -1.36811 1 0 0
    -1.36763 1 0 0
    -1.36882 1 0 0
    -1.36787 1 0 0
    -1.36819 1 0 0
    -1.36864 1 0 0
    -1.36909 1 0 0
    -1.36888 1 0 0
    -1.36927 1 0 0
    -1.37019 1 0 0
    -1.36945 1 0 0
    -1.37028 1 0 0
    -1.36983 1 0 0
    -1.37112 1 0 0
    -1.37028 1 0 0
    -1.37106 1 0 0
    -1.37126 1 0 0
    -1.37219 1 0 1
    -1.37201 1 0 0
    -1.37186 1 0 0
    -1.37213 1 0 0
    -1.37296 1 0 0
    -1.37135 1 0 0
    -1.37228 1 0 0
    -1.37296 1 0 0
    -1.37311 1 0 0
    -1.37258 1 0 0
    -1.37377 1 0 0
    -1.37338 1 0 0
    -1.37386 1 0 0
     -1.3735 1 0 0
    -1.37475 1 0 0
    -1.37424 1 0 0
    -1.37487 1 0 0
    -1.37463 1 0 0
    -1.37416 1 0 0
    -1.37424 1 0 0
    -1.37556 1 0 0
    -1.37562 1 0 0
    -1.37502 1 0 0
    -1.37505 1 0 0
    -1.37523 1 0 0
    -1.37547 1 0 0
    -1.37588 1 0 0
    -1.37633 1 0 0
    -1.37633 1 0 0
    -1.37603 1 0 0
    -1.37612 1 0 0
     -1.3774 1 0 0
    -1.37654 1 0 0
    -1.37746 1 0 0
    -1.37663 1 0 0
    -1.37827 1 0 0
      -1.378 1 0 0
    -1.37782 1 0 0
    -1.37886 1 0 0
     -1.3772 1 0 0
    -1.37758 1 0 0
    -1.37827 1 0 0
      -1.378 1 0 0
    -1.37863 1 0 0
    -1.37913 1 0 0
    -1.37925 1 0 0
    -1.37928 1 0 0
    -1.37913 1 0 0
    -1.38015 1 0 0
    -1.37946 1 0 0
    -1.37979 1 0 0
    -1.37979 1 0 0
    -1.38083 1 0 0
    -1.37973 1 0 0
    -1.37919 1 0 0
    -1.38023 1 0 0
    -1.38122 1 0 0
    -1.38065 1 0 0
    -1.38104 1 0 0
    -1.38104 1 0 0
    -1.38119 1 0 1
    -1.38134 1 0 0
    -1.38038 1 0 0
     -1.3831 1 0 0
    -1.38077 1 0 0
    -1.38083 1 0 0
    -1.38092 1 0 0
    -1.38167 1 0 0
    -1.38128 1 0 0
     -1.3817 1 0 0
    -1.38173 1 0 0
     -1.3814 1 0 0
    -1.38125 1 0 0
    -1.38241 1 0 0
    -1.38137 1 0 0
     -1.3831 1 0 0
    -1.38152 1 0 0
     -1.3822 1 0 0
    -1.38289 1 0 0
    -1.38268 1 0 0
    -1.38327 1 0 0
    -1.38217 1 0 0
    -1.38316 1 0 0
    -1.38324 1 0 0
     -1.3819 1 0 0
    -1.38268 1 0 0
    -1.38274 1 0 0
    -1.38351 1 0 0
    -1.38292 1 0 0
    -1.38354 1 0 0
    -1.38417 1 0 0
    -1.38402 1 0 0
    -1.38372 1 0 0
    -1.38372 1 0 0
    -1.38417 1 0 0
    -1.38474 1 0 0
    -1.38435 1 0 0
    -1.38587 1 0 0
    -1.38405 1 0 0
    -1.38479 1 0 0
    -1.38468 1 0 0
    -1.38515 1 0 0
    -1.38518 1 0 0
      -1.385 1 0 0
    -1.38444 1 0 0
    -1.38465 1 0 0
    -1.38521 1 0 0
    -1.38459 1 0 0
    -1.38479 1 0 0
    -1.38479 1 0 0
    -1.38608 1 0 0
    -1.38512 1 0 0
    -1.38479 1 0 0
    -1.38617 1 0 0
    -1.38572 1 0 0
    -1.38608 1 0 0
    -1.38527 1 0 0
    -1.38578 1 0 0
     -1.3862 1 0 0
    -1.38566 1 0 0
    -1.38634 1 0 1
    -1.38646 1 0 0
    -1.38631 1 0 0
    -1.38661 1 0 0
    -1.38539 1 0 0
    -1.38709 1 0 0
     -1.3873 1 0 0
    -1.38685 1 0 0
    -1.38685 1 0 0
     -1.3856 1 0 0
    -1.38646 1 0 0
    -1.38721 1 0 0
    -1.38682 1 0 0
    -1.38679 1 0 0
    -1.38772 1 0 0
    -1.38664 1 0 0
    -1.38861 1 0 0
     -1.3878 1 0 0
    -1.38739 1 0 0
    -1.38664 1 0 0
    -1.38822 1 0 0
     -1.3881 1 0 0
    -1.38658 1 0 0
    -1.38831 1 0 0
     -1.3881 1 0 0
    -1.38837 1 0 0
    -1.38766 1 0 0
    -1.38816 1 0 0
    -1.38789 1 0 0
    -1.38816 1 0 0
    -1.38801 1 0 0
    -1.38706 1 0 0
    -1.38882 1 0 0
    -1.38837 1 0 0
    -1.38751 1 0 0
    -1.38852 1 0 0
    -1.38709 1 0 0
    -1.38825 1 0 0
    -1.38775 1 0 0
    -1.38789 1 0 0
    -1.38909 1 0 0
