Time: 2017/06/13 14:03
Range: 250VDC
Sample rate: 60
Remark: mp 34.69

    -1.38244 0 0 0
    -1.39239 0 0 0
    -1.38682 0 0 0
    -1.38462 0 0 0
    -1.38584 0 0 0
    -1.38631 0 0 0
    -1.38274 0 0 0
    -1.38563 0 0 0
    -1.38587 0 0 0
    -1.38569 0 0 0
    -1.38253 0 0 0
     -1.3828 0 0 0
    -1.38286 0 0 0
    -1.38417 0 0 0
    -1.38348 0 0 0
    -1.38187 0 0 0
    -1.38015 0 0 0
    -1.37866 0 0 0
     -1.3786 0 0 0
      -1.376 0 0 0
    -1.37526 0 0 0
    -1.37526 0 0 0
    -1.37195 0 0 0
    -1.37252 0 0 0
    -1.37293 0 0 0
    -1.36933 0 0 0
    -1.36721 0 0 0
    -1.36736 0 0 0
    -1.36453 0 0 0
     -1.3628 0 0 0
     -1.3651 0 0 0
    -1.36206 0 0 0
    -1.36131 0 0 0
    -1.36185 0 0 0
    -1.35699 0 0 0
    -1.35773 0 0 1
      -1.358 0 0 0
    -1.35553 0 0 0
    -1.35589 0 0 0
    -1.35702 0 0 0
    -1.35303 0 0 0
    -1.35401 0 0 0
    -1.35341 0 0 0
    -1.35085 0 0 0
      -1.351 0 0 0
     -1.3501 0 0 0
    -1.34757 0 0 0
    -1.34724 0 0 0
    -1.34632 0 0 0
    -1.34265 0 0 0
    -1.34313 0 0 0
    -1.34453 0 0 0
    -1.34206 0 0 0
    -1.34283 0 0 0
    -1.34286 0 0 0
    -1.34012 0 0 0
    -1.34027 0 0 0
    -1.34021 0 0 0
    -1.33827 0 0 0
    -1.33666 0 0 0
    -1.33699 0 0 0
     -1.3352 0 0 0
    -1.33568 0 0 0
    -1.33371 0 0 0
    -1.33315 0 0 0
    -1.33279 0 0 0
    -1.33282 0 0 0
    -1.32918 0 0 0
    -1.33151 0 0 0
    -1.33044 0 0 0
    -1.32942 0 0 0
    -1.32778 0 0 0
    -1.32823 0 0 0
     -1.3271 0 0 0
     -1.3254 0 0 0
    -1.32358 0 0 0
    -1.32453 0 0 0
    -1.32233 0 0 0
    -1.32227 0 0 0
    -1.32307 0 0 0
    -1.31932 0 0 0
    -1.31848 0 0 0
    -1.32051 0 0 0
    -1.32173 0 0 0
    -1.31801 0 0 0
    -1.31828 0 0 0
     -1.3158 0 1 0
    -1.31488 0 0 0
    -1.31667 0 0 0
    -1.31485 0 0 0
    -1.31434 0 0 0
    -1.31249 0 0 0
    -1.31169 0 0 0
    -1.31124 0 0 0
    -1.31068 0 0 0
    -1.30934 1 0 1
    -1.30957 1 0 0
    -1.31264 1 0 0
    -1.33142 1 0 0
    -1.32468 1 0 0
    -1.33687 1 0 0
    -1.36289 1 0 0
    -1.38873 1 0 0
    -1.38229 1 0 0
    -1.38542 1 0 0
    -1.38688 1 0 0
    -1.38828 1 0 0
    -1.39073 1 0 0
    -1.39451 1 0 0
    -1.39657 1 0 0
    -1.40038 1 0 0
    -1.40336 1 0 0
    -1.40855 1 0 0
    -1.40911 1 0 0
    -1.41364 1 0 0
    -1.41674 1 0 0
    -1.41975 1 0 0
    -1.42348 1 0 0
    -1.42688 1 0 0
    -1.42756 1 0 0
     -1.4309 1 0 0
    -1.43409 1 0 0
    -1.43832 1 0 0
    -1.44431 1 0 0
    -1.44148 1 0 0
    -1.44482 1 0 0
    -1.44765 1 0 0
    -1.45105 1 0 0
    -1.45203 1 0 0
    -1.45563 1 0 0
    -1.45862 1 0 0
    -1.45882 1 0 0
    -1.46264 1 0 0
     -1.4644 1 0 0
    -1.46472 1 0 0
    -1.46613 1 0 0
    -1.47045 1 0 0
    -1.47182 1 0 0
     -1.4734 1 0 0
    -1.47635 1 0 0
    -1.47644 1 0 0
    -1.47879 1 0 0
    -1.48186 1 0 0
    -1.48147 1 0 0
    -1.48603 1 0 0
    -1.48863 1 0 0
    -1.48854 1 0 0
     -1.4911 1 0 0
    -1.49387 1 0 0
    -1.49402 1 0 0
    -1.49679 1 0 0
    -1.49691 1 0 0
    -1.50031 1 0 0
    -1.50394 1 0 0
    -1.50451 1 0 0
     -1.5029 1 0 1
    -1.50475 1 0 0
     -1.5071 1 0 0
    -1.50862 1 0 0
    -1.50996 1 0 0
    -1.51235 1 0 0
    -1.51572 1 0 0
    -1.51467 1 0 0
    -1.51792 1 0 0
    -1.51998 1 0 0
    -1.51974 1 0 0
    -1.51971 1 0 0
    -1.52189 1 0 0
    -1.52332 1 0 0
    -1.52183 1 0 0
    -1.52293 1 0 0
    -1.52114 1 0 0
    -1.51816 1 0 0
    -1.51795 1 0 0
    -1.51753 1 0 0
    -1.51566 1 0 0
    -1.51566 1 0 0
    -1.51294 1 0 0
     -1.5133 1 0 0
    -1.51366 1 0 0
     -1.5122 1 0 0
     -1.5116 1 0 0
    -1.51253 1 0 0
    -1.51151 1 0 0
     -1.5128 1 0 0
    -1.51289 1 0 0
    -1.51262 1 0 0
    -1.51408 1 0 0
    -1.51226 1 0 0
     -1.5105 1 0 0
    -1.51175 1 0 0
    -1.51351 1 0 0
    -1.51268 1 0 0
    -1.51488 1 0 0
    -1.51488 1 0 0
    -1.51458 1 0 0
    -1.51426 1 0 0
    -1.51563 1 0 0
    -1.51631 1 0 0
    -1.51393 1 0 0
    -1.51676 1 0 0
    -1.51703 1 0 0
    -1.51718 1 0 0
    -1.51727 1 0 0
    -1.51938 1 0 0
    -1.51759 1 0 0
     -1.5181 1 0 0
     -1.5195 1 0 0
    -1.51849 1 0 0
    -1.51938 1 0 0
    -1.51899 1 0 0
    -1.52057 1 0 0
    -1.52063 1 0 0
    -1.52209 1 0 0
    -1.52239 1 0 0
    -1.52254 1 0 1
    -1.52344 1 0 0
    -1.52358 1 0 0
     -1.5243 1 0 0
    -1.52382 1 0 0
    -1.52507 1 0 0
    -1.52531 1 0 0
    -1.52838 1 0 0
    -1.52946 1 0 0
    -1.52826 1 0 0
    -1.53056 1 0 0
    -1.53187 1 0 0
     -1.5344 1 0 0
    -1.53983 1 0 0
    -1.54063 1 0 0
    -1.54364 1 0 0
     -1.5465 1 0 0
    -1.54901 1 0 0
    -1.55148 1 0 0
     -1.5544 1 0 0
    -1.55598 1 0 0
    -1.55875 1 0 0
    -1.56179 1 0 0
    -1.56236 1 0 0
    -1.56543 1 0 0
    -1.56778 1 0 0
    -1.56826 1 0 0
    -1.57151 1 0 0
    -1.57425 1 0 0
    -1.57383 1 0 0
    -1.57577 1 0 0
     -1.5783 1 0 0
    -1.57642 1 0 0
    -1.57812 1 0 0
    -1.58069 1 0 0
    -1.58241 1 0 0
    -1.58346 1 0 0
    -1.58373 1 0 0
    -1.58644 1 0 0
    -1.58611 1 0 0
    -1.58718 1 0 0
    -1.58718 1 0 0
     -1.5893 1 0 0
    -1.58885 1 0 0
    -1.58873 1 0 0
    -1.59076 1 0 0
    -1.59386 1 0 0
    -1.59451 1 0 0
    -1.59496 1 0 0
    -1.59544 1 0 0
    -1.59663 1 0 0
    -1.59672 1 0 0
    -1.59737 1 0 0
    -1.59794 1 0 0
    -1.59892 1 0 0
    -1.60003 1 0 0
    -1.60059 1 0 0
    -1.60179 1 0 0
    -1.60229 1 0 0
    -1.60331 1 0 0
    -1.60506 1 0 1
    -1.60408 1 0 0
    -1.60584 1 0 0
    -1.60584 1 0 0
    -1.60697 1 0 0
    -1.60661 1 0 0
    -1.60861 1 0 0
    -1.60897 1 0 0
    -1.61108 1 0 0
    -1.60989 1 0 0
    -1.61192 1 0 0
    -1.61207 1 0 0
    -1.61275 1 0 0
    -1.61526 1 0 0
    -1.61347 1 0 0
    -1.61481 1 0 0
    -1.61529 1 0 0
    -1.61621 1 0 0
    -1.61728 1 0 0
    -1.61561 1 0 0
    -1.61633 1 0 0
    -1.61666 1 0 0
    -1.61687 1 0 0
    -1.61815 1 0 0
    -1.61788 1 0 0
    -1.61934 1 0 0
    -1.62005 1 0 0
    -1.62157 1 0 0
    -1.62211 1 0 0
    -1.62315 1 0 0
    -1.62265 1 0 0
    -1.62476 1 0 0
    -1.62458 1 0 0
    -1.62238 1 0 0
    -1.62542 1 0 0
    -1.62375 1 0 0
    -1.62485 1 0 0
    -1.62652 1 0 0
    -1.62417 1 0 0
    -1.62557 1 0 0
    -1.62783 1 0 0
    -1.62756 1 0 0
    -1.62816 1 0 0
    -1.62989 1 0 0
    -1.62873 1 0 0
     -1.6298 1 0 0
    -1.62947 1 0 0
    -1.63001 1 0 0
    -1.63034 1 0 0
    -1.63117 1 0 0
    -1.63057 1 0 0
    -1.63165 1 0 0
    -1.63236 1 0 0
    -1.63123 1 0 0
    -1.62897 1 0 0
    -1.63329 1 0 0
    -1.63475 1 0 0
    -1.63448 1 0 0
    -1.63591 1 0 0
    -1.63418 1 0 0
    -1.63391 1 0 1
    -1.63469 1 0 0
    -1.63576 1 0 0
    -1.63671 1 0 0
    -1.63564 1 0 0
    -1.63683 1 0 0
    -1.63743 1 0 0
    -1.63713 1 0 0
    -1.63913 1 0 0
    -1.63746 1 0 0
    -1.64056 1 0 0
    -1.63937 1 0 0
    -1.63844 1 0 0
     -1.6388 1 0 0
     -1.6408 1 0 0
    -1.64002 1 0 0
    -1.64053 1 0 0
    -1.64062 1 0 0
    -1.64038 1 0 0
    -1.64124 1 0 0
     -1.6425 1 0 0
    -1.63996 1 0 0
    -1.63978 1 0 0
    -1.64363 1 0 0
    -1.64086 1 0 0
    -1.64199 1 0 0
    -1.64562 1 0 0
    -1.64318 1 0 0
    -1.64449 1 0 0
    -1.64348 1 0 0
    -1.64324 1 0 0
    -1.64279 1 0 0
    -1.64542 1 0 0
    -1.64336 1 0 0
    -1.64476 1 0 0
    -1.64491 1 0 0
    -1.64482 1 0 0
    -1.64476 1 0 0
    -1.64875 1 0 0
    -1.64792 1 0 0
     -1.6481 1 0 0
    -1.64914 1 0 0
    -1.64863 1 0 0
    -1.64828 1 0 0
    -1.64828 1 0 0
    -1.64819 1 0 0
    -1.64941 1 0 0
    -1.64923 1 0 0
    -1.64989 1 0 0
    -1.65054 1 0 0
    -1.64923 1 0 0
    -1.65129 1 0 0
    -1.64983 1 0 0
    -1.65009 1 0 0
    -1.65042 1 0 0
    -1.64977 1 0 0
    -1.65027 1 0 0
    -1.65021 1 0 0
    -1.65179 1 0 0
    -1.65233 1 0 1
    -1.65179 1 0 0
    -1.65215 1 0 0
    -1.65278 1 0 0
    -1.65328 1 0 0
    -1.65066 1 0 0
    -1.65132 1 0 0
    -1.65391 1 0 0
     -1.6523 1 0 0
    -1.65501 1 0 0
    -1.65394 1 0 0
     -1.6534 1 0 0
    -1.65433 1 0 0
    -1.65266 1 0 0
    -1.65153 1 0 0
    -1.65027 1 0 0
    -1.64816 1 0 0
    -1.64557 1 0 0
    -1.64324 1 0 0
    -1.64133 1 0 0
     -1.6394 1 0 0
    -1.63627 1 0 0
    -1.63427 1 0 0
    -1.63296 1 0 0
    -1.63114 1 0 0
    -1.63165 1 0 0
    -1.62756 1 0 0
    -1.62748 1 0 0
    -1.62533 1 0 0
    -1.62452 1 0 0
    -1.62259 1 0 0
    -1.62157 1 0 0
    -1.62017 1 0 0
    -1.61865 1 0 0
    -1.61871 1 0 0
    -1.61773 1 0 0
    -1.61919 1 0 0
    -1.61746 1 0 0
     -1.6174 1 0 0
    -1.61701 1 0 0
    -1.61511 1 0 0
    -1.61535 1 0 0
    -1.61108 1 0 0
    -1.61144 1 0 0
     -1.6115 1 0 0
    -1.61055 1 0 0
    -1.61093 1 0 0
    -1.61025 1 0 0
    -1.60927 1 0 0
    -1.60909 1 0 0
    -1.61004 1 0 0
    -1.60843 1 0 0
    -1.60828 1 0 0
    -1.60614 1 0 0
    -1.60712 1 0 0
    -1.60775 1 0 0
    -1.60766 1 0 0
    -1.60825 1 0 0
    -1.60828 1 0 0
    -1.60617 1 0 0
    -1.60578 1 0 1
    -1.60465 1 0 0
    -1.60611 1 0 0
    -1.60611 1 0 0
    -1.60459 1 0 0
    -1.60533 1 0 0
    -1.60307 1 0 0
    -1.60417 1 0 0
    -1.60471 1 0 0
     -1.6036 1 0 0
    -1.60554 1 0 0
     -1.6062 1 0 0
    -1.60599 1 0 0
    -1.60986 1 0 0
    -1.61284 1 0 0
    -1.61144 1 0 0
    -1.61669 1 0 0
    -1.61907 1 0 0
    -1.62047 1 0 0
    -1.62554 1 0 0
    -1.62685 1 0 0
    -1.62664 1 0 0
     -1.6295 1 0 0
    -1.62882 1 0 0
    -1.63117 1 0 0
    -1.63221 1 0 0
    -1.63567 1 0 0
    -1.63612 1 0 0
    -1.63567 1 0 0
    -1.63624 1 0 0
    -1.64017 1 0 0
    -1.63886 1 0 0
    -1.63963 1 0 0
    -1.63996 1 0 0
     -1.6419 1 0 0
    -1.64205 1 0 0
    -1.64178 1 0 0
    -1.64482 1 0 0
    -1.64291 1 0 0
    -1.64485 1 0 0
    -1.64706 1 0 0
      -1.645 1 0 0
    -1.64497 1 0 0
    -1.64697 1 0 0
    -1.64726 1 0 0
    -1.64795 1 0 0
    -1.64756 1 0 0
    -1.64869 1 0 0
    -1.64962 1 0 0
    -1.65075 1 0 0
    -1.64855 1 0 0
    -1.64893 1 0 0
    -1.64995 1 0 0
    -1.64899 1 0 0
    -1.65027 1 0 0
    -1.65105 1 0 0
    -1.65132 1 0 0
    -1.65033 1 0 0
    -1.65126 1 0 0
    -1.65299 1 0 0
    -1.65302 1 0 1
    -1.65421 1 0 0
    -1.65325 1 0 0
    -1.65224 1 0 0
    -1.65415 1 0 0
    -1.65403 1 0 0
    -1.65263 1 0 0
    -1.65567 1 0 0
    -1.65272 1 0 0
    -1.65504 1 0 0
    -1.65486 1 0 0
    -1.65585 1 0 0
    -1.65579 1 0 0
    -1.65471 1 0 0
    -1.65579 1 0 0
    -1.65698 1 0 0
    -1.65784 1 0 0
    -1.65918 1 0 0
    -1.65746 1 0 0
    -1.65835 1 0 0
    -1.65775 1 0 0
    -1.65734 1 0 0
    -1.65898 1 0 0
    -1.65778 1 0 0
    -1.65936 1 0 0
    -1.65674 1 0 0
    -1.65853 1 0 0
    -1.65999 1 0 0
    -1.66085 1 0 0
    -1.66073 1 0 0
    -1.65963 1 0 0
     -1.6616 1 0 0
    -1.66038 1 0 0
    -1.65892 1 0 0
    -1.66211 1 0 0
    -1.66088 1 0 0
    -1.65981 1 0 0
    -1.66246 1 0 0
    -1.66202 1 0 0
    -1.66076 1 0 0
    -1.66231 1 0 0
    -1.66273 1 0 0
    -1.66109 1 0 0
    -1.66279 1 0 0
    -1.66112 1 0 0
    -1.66237 1 0 0
    -1.66371 1 0 0
    -1.66127 1 0 0
    -1.66258 1 0 0
    -1.66288 1 0 0
    -1.66178 1 0 0
    -1.66249 1 0 0
    -1.66211 1 0 0
    -1.66219 1 0 0
    -1.66228 1 0 0
    -1.66345 1 0 0
    -1.66413 1 0 0
    -1.66267 1 0 0
    -1.66774 1 0 0
    -1.66455 1 0 0
    -1.66327 1 0 1
    -1.66562 1 0 0
    -1.66476 1 0 0
    -1.66455 1 0 0
    -1.66681 1 0 0
    -1.66449 1 0 0
    -1.66419 1 0 0
    -1.66839 1 0 0
    -1.66523 1 0 0
    -1.66515 1 0 0
    -1.66973 1 0 0
    -1.66625 1 0 0
    -1.66631 1 0 0
    -1.66896 1 0 0
    -1.66586 1 0 0
    -1.66586 1 0 0
    -1.66789 1 0 0
    -1.66732 1 0 0
    -1.66568 1 0 0
    -1.66649 1 0 0
    -1.66529 1 0 0
     -1.6692 1 0 0
    -1.66836 1 0 0
     -1.6672 1 0 0
    -1.66622 1 0 0
     -1.6686 1 0 0
    -1.66675 1 0 0
    -1.66672 1 0 0
    -1.67003 1 0 0
    -1.66744 1 0 0
    -1.66562 1 0 0
    -1.66941 1 0 0
    -1.66667 1 0 0
     -1.6675 1 0 0
    -1.66789 1 0 0
    -1.66622 1 0 0
    -1.66833 1 0 0
    -1.66914 1 0 0
    -1.66905 1 0 0
       -1.67 1 0 0
    -1.67015 1 0 0
    -1.66845 1 0 0
    -1.67018 1 0 0
    -1.67027 1 0 0
    -1.67063 1 0 0
       -1.67 1 0 0
    -1.67045 1 0 0
    -1.66923 1 0 0
    -1.67063 1 0 0
     -1.6714 1 0 0
    -1.66938 1 0 0
    -1.67096 1 0 0
    -1.67224 1 1 0
     -1.6714 1 0 0
    -1.67012 1 0 0
     -1.6723 1 0 0
    -1.67176 1 0 0
    -1.67185 1 0 0
    -1.67325 1 0 0
    -1.67215 1 0 0
     -1.6714 0 0 1
    -1.67313 0 0 0
     -1.6706 0 0 0
    -1.66443 0 0 0
    -1.66988 0 0 0
    -1.66622 0 0 0
    -1.66437 0 0 0
    -1.65752 0 0 0
    -1.62473 0 0 0
    -1.61859 0 0 0
    -1.61737 0 0 0
    -1.61302 0 0 0
     -1.6095 0 0 0
    -1.60679 0 0 0
     -1.5997 0 0 0
    -1.59407 0 0 0
    -1.58957 0 0 0
    -1.58015 0 0 0
    -1.57434 0 0 0
    -1.57061 0 0 0
    -1.56346 0 0 0
    -1.55479 0 0 0
    -1.55172 0 0 0
      -1.546 0 0 0
     -1.5389 0 0 0
    -1.53658 0 0 0
    -1.52954 0 0 0
    -1.52755 0 0 0
    -1.52317 0 0 0
    -1.51658 0 0 0
    -1.51372 0 0 0
    -1.50844 0 0 0
    -1.50433 0 0 0
    -1.50284 0 0 0
    -1.50138 0 0 0
    -1.49441 0 0 0
    -1.49268 0 0 0
    -1.49009 0 0 0
    -1.48603 0 0 0
     -1.4818 0 0 0
    -1.48225 0 0 0
    -1.47617 0 0 0
    -1.47462 0 0 0
    -1.47215 0 0 0
    -1.46562 0 0 0
    -1.46356 0 0 0
    -1.46294 0 0 0
    -1.45954 0 0 0
    -1.45847 0 0 0
    -1.45614 0 0 0
     -1.4511 0 0 0
    -1.44839 0 0 0
    -1.44643 0 0 0
    -1.44318 0 0 0
    -1.43981 0 0 0
    -1.43954 0 0 0
    -1.43597 0 0 0
    -1.43161 0 0 0
    -1.43093 0 0 0
    -1.42688 0 0 0
     -1.4241 0 0 1
    -1.42342 0 0 0
    -1.41883 0 0 0
    -1.41829 0 0 0
    -1.41516 0 0 0
    -1.41257 0 0 0
    -1.41001 0 0 0
    -1.40908 0 0 0
    -1.40336 0 0 0
    -1.40351 0 0 0
    -1.40494 0 0 0
    -1.40449 0 0 0
    -1.40455 0 0 0
    -1.40741 0 0 0
    -1.40655 0 0 0
    -1.40935 0 0 0
    -1.41093 0 0 0
    -1.41269 0 0 0
    -1.41433 0 0 0
    -1.41454 0 0 0
    -1.41406 0 0 0
    -1.41317 0 0 0
    -1.41573 0 0 0
    -1.41412 0 0 0
    -1.41519 0 0 0
    -1.41537 0 0 0
    -1.41317 0 0 0
    -1.41111 0 0 0
    -1.41272 0 0 0
    -1.41218 0 0 0
    -1.41159 0 0 0
    -1.41159 0 0 0
    -1.40893 0 0 0
    -1.40873 0 0 0
    -1.40902 0 0 0
    -1.40783 0 0 0
    -1.40655 0 0 0
    -1.40652 0 0 0
    -1.40539 0 0 0
    -1.40244 0 0 0
    -1.40414 0 0 0
    -1.40113 0 0 0
    -1.40157 0 0 0
    -1.40208 0 0 0
    -1.39758 0 0 0
    -1.39749 0 0 0
    -1.39919 0 0 0
    -1.39457 0 0 0
     -1.3943 0 0 0
    -1.39505 0 0 0
    -1.39111 0 0 0
    -1.39236 0 0 0
    -1.39308 0 0 0
    -1.39189 0 0 0
    -1.38918 0 0 0
    -1.38736 0 0 0
    -1.38676 0 0 0
    -1.38834 0 0 0
    -1.38652 0 0 0
    -1.38542 0 0 0
    -1.38471 0 0 1
    -1.38482 0 0 0
    -1.38158 0 0 0
    -1.38241 0 0 0
    -1.38074 0 0 0
    -1.37824 0 0 0
    -1.37949 0 0 0
    -1.37699 0 0 0
    -1.37678 0 0 0
    -1.37737 0 0 0
    -1.37341 0 0 0
    -1.37299 0 0 0
    -1.37386 0 0 0
    -1.37177 0 0 0
    -1.36992 0 0 0
    -1.37067 0 0 0
    -1.37147 0 0 0
    -1.36968 0 0 0
     -1.3676 0 0 0
    -1.36697 0 0 0
     -1.3662 0 0 0
    -1.36617 0 0 0
    -1.36551 0 0 0
    -1.36259 0 0 0
    -1.36238 0 0 0
    -1.36238 0 0 0
    -1.36065 0 0 0
     -1.3608 0 0 0
    -1.36247 0 0 0
    -1.35833 0 0 0
    -1.35699 0 0 0
    -1.35747 0 0 0
    -1.35407 0 0 0
    -1.35535 0 0 0
    -1.35535 0 0 0
    -1.35279 0 0 0
    -1.35288 0 0 0
    -1.35341 0 0 0
    -1.35043 0 0 0
    -1.35148 0 0 0
     -1.3535 0 0 0
    -1.34856 0 0 0
    -1.34856 0 0 0
    -1.35043 0 0 0
    -1.34635 0 0 0
    -1.34757 0 0 0
    -1.34712 0 0 0
    -1.34408 0 0 0
    -1.34498 0 0 0
    -1.34441 0 0 0
     -1.3411 0 0 0
    -1.34146 0 1 0
    -1.34358 0 0 0
    -1.33988 0 0 0
    -1.34006 0 0 0
    -1.34188 0 0 0
    -1.33908 0 0 0
    -1.33881 0 0 0
    -1.33839 0 0 0
    -1.33544 0 0 0
    -1.33502 1 0 1
    -1.33494 1 0 0
    -1.33225 1 0 0
    -1.34912 1 0 0
    -1.34555 1 0 0
    -1.35309 1 0 0
    -1.38468 1 0 0
    -1.41039 1 0 0
    -1.40342 1 0 0
    -1.40792 1 0 0
    -1.40986 1 0 0
    -1.41037 1 0 0
    -1.41352 1 0 0
    -1.41853 1 0 0
    -1.41957 1 0 0
      -1.423 1 0 0
    -1.42726 1 0 0
    -1.42911 1 0 0
    -1.43108 1 0 0
    -1.43656 1 0 0
    -1.43874 1 0 0
    -1.44327 1 0 0
    -1.44753 1 0 0
    -1.44762 1 0 0
    -1.45137 1 0 0
    -1.45671 1 0 0
    -1.45581 1 0 0
    -1.45933 1 0 0
    -1.46294 1 0 0
    -1.46431 1 0 0
    -1.46803 1 0 0
    -1.46964 1 0 0
    -1.46934 1 0 0
     -1.4742 1 0 0
    -1.47772 1 0 0
    -1.47796 1 0 0
    -1.48034 1 0 0
    -1.48442 1 0 0
    -1.48758 1 0 0
    -1.48836 1 0 0
    -1.49065 1 0 0
    -1.48973 1 0 0
    -1.49286 1 0 0
    -1.49494 1 0 0
    -1.49542 1 0 0
    -1.49882 1 0 0
    -1.50162 1 0 0
    -1.50165 1 0 0
    -1.50394 1 0 0
    -1.50687 1 0 0
    -1.50886 1 0 0
    -1.50824 1 0 0
     -1.5111 1 0 0
    -1.51202 1 0 0
    -1.51452 1 0 0
    -1.51679 1 0 0
    -1.51747 1 0 0
    -1.52114 1 0 0
    -1.52278 1 0 0
    -1.52162 1 0 0
    -1.52421 1 0 1
    -1.52695 1 0 0
    -1.52627 1 0 0
    -1.52791 1 0 0
    -1.53121 1 0 0
    -1.53172 1 0 0
    -1.53288 1 0 0
    -1.53637 1 0 0
    -1.53631 1 0 0
    -1.53887 1 0 0
    -1.54066 1 0 0
    -1.54141 1 0 0
     -1.5415 1 0 0
    -1.54468 1 0 0
     -1.5403 1 0 0
    -1.53947 1 0 0
    -1.54209 1 0 0
     -1.5389 1 0 0
    -1.53846 1 0 0
    -1.53819 1 0 0
    -1.53562 1 0 0
    -1.53601 1 0 0
    -1.53705 1 0 0
    -1.53285 1 0 0
    -1.53157 1 0 0
     -1.5322 1 0 0
    -1.52981 1 0 0
    -1.52993 1 0 0
    -1.53193 1 0 0
    -1.52993 1 0 0
    -1.52925 1 0 0
    -1.53112 1 0 0
    -1.52859 1 0 0
    -1.53014 1 0 0
    -1.53124 1 0 0
    -1.53014 1 0 0
    -1.53068 1 0 0
    -1.53086 1 0 0
    -1.53124 1 0 0
     -1.5313 1 0 0
    -1.53282 1 0 0
    -1.53139 1 0 0
    -1.53095 1 0 0
    -1.53473 1 0 0
    -1.53339 1 0 0
    -1.53378 1 0 0
    -1.53705 1 0 0
    -1.53366 1 0 0
    -1.53658 1 0 0
    -1.53619 1 0 0
    -1.53533 1 0 0
    -1.53583 1 0 0
    -1.53762 1 0 0
     -1.5367 1 0 0
    -1.53691 1 0 0
     -1.5372 1 0 0
    -1.53825 1 0 0
    -1.53691 1 0 0
    -1.54024 1 0 0
    -1.54024 1 0 0
    -1.54036 1 0 1
    -1.54078 1 0 0
     -1.5417 1 0 0
    -1.54173 1 0 0
    -1.54194 1 0 0
      -1.542 1 0 0
     -1.5426 1 0 0
    -1.54406 1 0 0
    -1.54272 1 0 0
    -1.54498 1 0 0
    -1.54719 1 0 0
     -1.5476 1 0 0
    -1.55139 1 0 0
    -1.55571 1 0 0
    -1.55699 1 0 0
    -1.55982 1 0 0
    -1.56641 1 0 0
    -1.56516 1 0 0
    -1.56891 1 0 0
    -1.57368 1 0 0
     -1.5744 1 0 0
    -1.57538 1 0 0
    -1.57881 1 0 0
    -1.57848 1 0 0
    -1.57973 1 0 0
    -1.58268 1 0 0
    -1.58605 1 0 0
    -1.58677 1 0 0
    -1.58998 1 0 0
     -1.5907 1 0 0
    -1.59091 1 0 0
    -1.59323 1 0 0
    -1.59431 1 0 0
    -1.59529 1 0 0
    -1.59788 1 0 0
    -1.59544 1 0 0
    -1.59946 1 0 0
    -1.59949 1 0 0
    -1.60027 1 0 0
    -1.60334 1 0 0
    -1.60447 1 0 0
    -1.60334 1 0 0
     -1.6048 1 0 0
    -1.60637 1 0 0
    -1.60578 1 0 0
    -1.60566 1 0 0
    -1.60995 1 0 0
     -1.6081 1 0 0
    -1.61031 1 0 0
    -1.60956 1 0 0
    -1.61168 1 0 0
     -1.6118 1 0 0
    -1.61189 1 0 0
    -1.61394 1 0 0
    -1.61287 1 0 0
    -1.61463 1 0 0
    -1.61621 1 0 0
    -1.61597 1 0 0
    -1.61961 1 0 0
     -1.6191 1 0 0
    -1.61788 1 0 1
    -1.62056 1 0 0
    -1.61925 1 0 0
    -1.61988 1 0 0
    -1.62336 1 0 0
    -1.62175 1 0 0
    -1.62163 1 0 0
    -1.62426 1 0 0
    -1.62214 1 0 0
     -1.6261 1 0 0
    -1.62643 1 0 0
    -1.62372 1 0 0
    -1.62452 1 0 0
    -1.62593 1 0 0
    -1.62762 1 0 0
    -1.62834 1 0 0
    -1.62819 1 0 0
    -1.62983 1 0 0
    -1.62822 1 0 0
    -1.62917 1 0 0
    -1.63007 1 0 0
    -1.62926 1 0 0
    -1.63257 1 0 0
    -1.63129 1 0 0
    -1.63141 1 0 0
    -1.63442 1 0 0
    -1.63248 1 0 0
    -1.63281 1 0 0
    -1.63481 1 0 0
    -1.63451 1 0 0
    -1.63421 1 0 0
    -1.63558 1 0 0
    -1.63519 1 0 0
    -1.63692 1 0 0
    -1.63561 1 0 0
    -1.63648 1 0 0
    -1.63662 1 0 0
    -1.63823 1 0 0
     -1.6402 1 0 0
    -1.63785 1 0 0
    -1.64151 1 0 0
    -1.64086 1 0 0
    -1.63993 1 0 0
    -1.64121 1 0 0
    -1.63972 1 0 0
    -1.64312 1 0 0
    -1.64255 1 0 0
    -1.64109 1 0 0
    -1.64196 1 0 0
    -1.64357 1 0 0
    -1.64247 1 0 0
    -1.64387 1 0 0
    -1.64464 1 0 0
    -1.64431 1 0 0
    -1.64422 1 0 0
    -1.64518 1 0 0
    -1.64539 1 0 0
    -1.64357 1 0 0
    -1.64708 1 0 0
    -1.64476 1 0 0
    -1.64396 1 0 1
     -1.6461 1 0 0
     -1.6461 1 0 0
    -1.64708 1 0 0
     -1.6484 1 0 0
    -1.64789 1 0 0
     -1.6486 1 0 0
    -1.64855 1 0 0
    -1.65227 1 0 0
    -1.64858 1 0 0
    -1.64995 1 0 0
    -1.65087 1 0 0
    -1.64962 1 0 0
    -1.65167 1 0 0
    -1.65075 1 0 0
    -1.64947 1 0 0
    -1.65209 1 0 0
    -1.65042 1 0 0
    -1.65135 1 0 0
    -1.65087 1 0 0
    -1.65287 1 0 0
     -1.6523 1 0 0
    -1.65081 1 0 0
    -1.65296 1 0 0
     -1.6526 1 0 0
    -1.65412 1 0 0
    -1.65448 1 0 0
    -1.65308 1 0 0
    -1.65546 1 0 0
    -1.65558 1 0 0
    -1.65296 1 0 0
    -1.65442 1 0 0
    -1.65349 1 0 0
    -1.65451 1 0 0
    -1.65507 1 0 0
     -1.6548 1 0 0
    -1.65477 1 0 0
    -1.65629 1 0 0
    -1.65683 1 0 0
      -1.656 1 0 0
     -1.6579 1 0 0
    -1.65766 1 0 0
     -1.6593 1 0 0
    -1.65802 1 0 0
    -1.65498 1 0 0
    -1.65844 1 0 0
    -1.65898 1 0 0
    -1.65719 1 0 0
    -1.65838 1 0 0
    -1.65904 1 0 0
    -1.65892 1 0 0
    -1.65674 1 0 0
    -1.65784 1 0 0
    -1.65907 1 0 0
    -1.65823 1 0 0
     -1.6599 1 0 0
     -1.6579 1 0 0
    -1.66085 1 0 0
     -1.6593 1 0 0
    -1.65686 1 0 1
    -1.66106 1 0 0
    -1.66103 1 0 0
    -1.65892 1 0 0
     -1.6616 1 0 0
    -1.66154 1 0 0
    -1.65963 1 0 0
    -1.66243 1 0 0
    -1.66231 1 0 0
    -1.65865 1 0 0
    -1.66309 1 0 0
    -1.66282 1 0 0
    -1.66091 1 0 0
    -1.66184 1 0 0
    -1.66103 1 0 0
    -1.65871 1 0 0
    -1.65665 1 0 0
    -1.65471 1 0 0
    -1.65245 1 0 0
    -1.64956 1 0 0
    -1.64568 1 0 0
    -1.64354 1 0 0
    -1.64396 1 0 0
    -1.63653 1 0 0
    -1.63728 1 0 0
    -1.63433 1 0 0
    -1.63588 1 0 0
      -1.632 1 0 0
    -1.63308 1 0 0
    -1.63174 1 0 0
    -1.62995 1 0 0
    -1.62935 1 0 0
    -1.62742 1 0 0
    -1.62697 1 0 0
    -1.62488 1 0 0
    -1.62631 1 0 0
    -1.62339 1 0 0
    -1.62181 1 0 0
    -1.62056 1 0 0
    -1.62086 1 0 0
    -1.62107 1 0 0
    -1.62029 1 0 0
    -1.61898 1 0 0
    -1.61874 1 0 0
    -1.61874 1 0 0
    -1.61597 1 0 0
    -1.61472 1 0 0
    -1.61383 1 0 0
    -1.61362 1 0 0
    -1.61454 1 0 0
    -1.61514 1 0 0
    -1.61216 1 0 0
    -1.61335 1 0 0
    -1.61213 1 0 0
    -1.61165 1 0 0
    -1.61085 1 0 0
     -1.6101 1 0 0
    -1.61058 1 0 0
    -1.61114 1 0 0
     -1.6109 1 0 0
    -1.60959 1 0 1
    -1.61138 1 0 0
    -1.60998 1 0 0
    -1.61043 1 0 0
    -1.60906 1 0 0
      -1.609 1 0 0
    -1.61001 1 0 0
    -1.60897 1 0 0
    -1.60977 1 0 0
     -1.6095 1 0 0
    -1.60873 1 0 0
    -1.61237 1 0 0
    -1.61362 1 0 0
    -1.61487 1 0 0
    -1.61844 1 0 0
    -1.61931 1 0 0
    -1.62125 1 0 0
    -1.62372 1 0 0
    -1.62512 1 0 0
    -1.62745 1 0 0
    -1.62908 1 0 0
    -1.63049 1 0 0
     -1.6332 1 0 0
    -1.63129 1 0 0
    -1.63424 1 0 0
    -1.63814 1 0 0
    -1.63651 1 0 0
    -1.63922 1 0 0
    -1.64095 1 0 0
    -1.64163 1 0 0
    -1.64157 1 0 0
    -1.64232 1 0 0
    -1.64145 1 0 0
     -1.6441 1 0 0
    -1.64509 1 0 0
      -1.645 1 0 0
    -1.64539 1 0 0
    -1.64503 1 0 0
    -1.63755 1 0 0
    -1.64822 1 0 0
    -1.64661 1 0 0
    -1.64941 1 0 0
    -1.64622 1 0 0
      -1.652 1 0 0
    -1.65084 1 0 0
    -1.64962 1 0 0
    -1.64935 1 0 0
    -1.65293 1 0 0
    -1.65054 1 0 0
     -1.6526 1 0 0
    -1.65287 1 0 0
    -1.64989 1 0 0
     -1.6546 1 0 0
     -1.6534 1 0 0
    -1.65194 1 0 0
    -1.65543 1 0 0
     -1.6523 1 0 0
    -1.65319 1 0 0
    -1.65164 1 0 0
    -1.65379 1 0 0
    -1.65248 1 0 1
    -1.65322 1 0 0
    -1.65433 1 0 0
    -1.65507 1 0 0
    -1.65439 1 0 0
    -1.65412 1 0 0
    -1.65346 1 0 0
    -1.65641 1 0 0
    -1.65731 1 0 0
    -1.65895 1 0 0
    -1.65698 1 0 0
    -1.65629 1 0 0
    -1.65617 1 0 0
    -1.65594 1 0 0
    -1.65585 1 0 0
    -1.65692 1 0 0
    -1.65632 1 0 0
    -1.65728 1 0 0
    -1.65811 1 0 0
    -1.65945 1 0 0
    -1.65829 1 0 0
    -1.65874 1 0 0
    -1.66011 1 0 0
    -1.65853 1 0 0
    -1.65743 1 0 0
    -1.65999 1 0 0
    -1.65859 1 0 0
    -1.65963 1 0 0
    -1.65933 1 0 0
    -1.66231 1 0 0
     -1.6602 1 0 0
    -1.66231 1 0 0
    -1.66124 1 0 0
     -1.6613 1 0 0
    -1.66136 1 0 0
    -1.66065 1 0 0
    -1.65999 1 0 0
    -1.66258 1 0 0
    -1.66252 1 0 0
    -1.66395 1 0 0
    -1.66097 1 0 0
    -1.66318 1 0 0
    -1.66115 1 0 0
    -1.66124 1 0 0
    -1.66178 1 0 0
    -1.66196 1 0 0
    -1.66249 1 0 0
     -1.6602 1 0 0
    -1.66184 1 0 0
    -1.66336 1 0 0
    -1.66255 1 0 0
    -1.66336 1 0 0
    -1.66392 1 0 0
     -1.6627 1 0 0
    -1.66291 1 0 0
     -1.6624 1 0 0
     -1.6627 1 0 0
     -1.6619 1 0 0
    -1.66237 1 0 0
    -1.66163 1 0 0
    -1.66267 1 0 1
    -1.66267 1 0 0
    -1.66401 1 0 0
    -1.66559 1 0 0
    -1.66327 1 0 0
    -1.66509 1 0 0
    -1.66464 1 0 0
    -1.66452 1 0 0
    -1.66705 1 0 0
    -1.66443 1 0 0
    -1.66267 1 0 0
    -1.66458 1 0 0
    -1.66473 1 0 0
    -1.66449 1 0 0
    -1.66461 1 0 0
    -1.66404 1 0 0
    -1.66643 1 0 0
    -1.66249 1 0 0
    -1.66628 1 0 0
    -1.66768 1 0 0
    -1.66306 1 0 0
    -1.66827 1 0 0
    -1.66503 1 0 0
    -1.66592 1 0 0
    -1.66455 1 0 0
    -1.66616 1 0 0
    -1.66705 1 0 0
    -1.66652 1 0 0
    -1.66491 1 0 0
    -1.66497 1 0 0
    -1.66523 1 0 0
    -1.66535 1 0 0
    -1.66553 1 0 0
    -1.66419 1 0 0
    -1.66619 1 0 0
    -1.66401 1 0 0
    -1.66583 1 0 0
    -1.66625 1 0 0
    -1.66661 1 0 0
    -1.66914 1 0 0
    -1.66598 1 0 0
    -1.66741 1 0 0
    -1.66714 1 0 0
    -1.66664 1 0 0
     -1.6633 1 0 0
    -1.66774 1 0 0
    -1.66976 1 0 0
    -1.66795 1 0 0
     -1.6678 1 0 0
    -1.67239 1 0 0
    -1.66661 1 0 0
    -1.66762 1 0 0
    -1.66965 1 1 0
    -1.66798 1 0 0
    -1.66634 1 0 0
     -1.6689 1 0 0
     -1.6669 1 0 0
    -1.66515 1 0 0
    -1.66887 1 0 0
    -1.66604 1 0 0
    -1.66556 0 0 1
    -1.66968 0 0 0
    -1.66643 0 0 0
    -1.66282 0 0 0
    -1.66497 0 0 0
    -1.66324 0 0 0
    -1.66139 0 0 0
    -1.65594 0 0 0
    -1.62014 0 0 0
    -1.61409 0 0 0
    -1.61377 0 0 0
    -1.61085 0 0 0
    -1.60554 0 0 0
     -1.6031 0 0 0
    -1.59958 0 0 0
    -1.58998 0 0 0
    -1.58823 0 0 0
    -1.58048 0 0 0
    -1.57416 0 0 0
    -1.56745 0 0 0
    -1.56108 0 0 0
    -1.55404 0 0 0
    -1.55124 0 0 0
    -1.54221 0 0 0
     -1.5358 0 0 0
    -1.53163 0 0 0
    -1.52689 0 0 0
    -1.52305 0 0 0
    -1.52045 0 0 0
    -1.51387 0 0 0
    -1.50877 0 0 0
    -1.50833 0 0 0
    -1.50239 0 0 0
     -1.4984 0 0 0
    -1.49706 0 0 0
    -1.49283 0 0 0
    -1.48851 0 0 0
    -1.48648 0 0 0
    -1.48278 0 0 0
    -1.47739 0 0 0
    -1.47662 0 0 0
    -1.47361 0 0 0
    -1.46818 0 0 0
    -1.47083 0 0 0
    -1.46288 0 0 0
    -1.45954 0 0 0
    -1.45954 0 0 0
    -1.45453 0 0 0
    -1.45206 0 0 0
     -1.4503 0 0 0
    -1.44702 0 0 0
    -1.44398 0 0 0
    -1.44213 0 0 0
    -1.43415 0 0 0
    -1.43206 0 0 0
     -1.4354 0 0 0
    -1.42813 0 0 0
    -1.42825 0 0 0
    -1.43009 0 0 0
    -1.42679 0 0 0
    -1.41928 0 0 1
    -1.41716 0 0 0
    -1.41367 0 0 0
    -1.41263 0 0 0
    -1.41075 0 0 0
    -1.40721 0 0 0
    -1.40336 0 0 0
    -1.40271 0 0 0
     -1.4005 0 0 0
    -1.39832 0 0 0
    -1.39633 0 0 0
    -1.39847 0 0 0
    -1.39731 0 0 0
    -1.39844 0 0 0
    -1.40238 0 0 0
    -1.40205 0 0 0
    -1.40211 0 0 0
    -1.40575 0 0 0
     -1.4064 0 0 0
    -1.40545 0 0 0
     -1.4098 0 0 0
    -1.40846 0 0 0
    -1.40673 0 0 0
    -1.41191 0 0 0
    -1.40855 0 0 0
    -1.40753 0 0 0
    -1.41013 0 0 0
    -1.40873 0 0 0
    -1.40542 0 0 0
    -1.40783 0 0 0
    -1.40527 0 0 0
    -1.40297 0 0 0
    -1.40691 0 0 0
    -1.40271 0 0 0
    -1.39922 0 0 0
    -1.39976 0 0 0
     -1.3991 0 0 0
    -1.39871 0 0 0
    -1.40107 0 0 0
     -1.3966 0 0 0
    -1.39481 0 0 0
    -1.39898 0 0 0
    -1.39412 0 0 0
    -1.39278 0 0 0
    -1.39585 0 0 0
    -1.39341 0 0 0
    -1.38819 0 0 0
    -1.39239 0 0 0
    -1.38998 0 0 0
    -1.38551 0 0 0
    -1.38941 0 0 0
    -1.38602 0 0 0
    -1.38202 0 0 0
    -1.38676 0 0 0
    -1.38262 0 0 0
    -1.38003 0 0 0
    -1.38038 0 0 0
    -1.37988 0 0 0
    -1.37681 0 0 0
    -1.37907 0 0 0
    -1.37684 0 0 1
     -1.3732 0 0 0
    -1.37666 0 0 0
     -1.3755 0 0 0
    -1.37085 0 0 0
    -1.37439 0 0 0
    -1.36989 0 0 0
    -1.36617 0 0 0
    -1.37472 0 0 0
    -1.36942 0 0 0
    -1.36262 0 0 0
    -1.36676 0 0 0
    -1.36593 0 0 0
    -1.35994 0 0 0
     -1.3651 0 0 0
    -1.36182 0 0 0
    -1.36009 0 0 0
    -1.36271 0 0 0
    -1.36146 0 0 0
    -1.35618 0 0 0
    -1.36083 0 0 0
    -1.35714 0 0 0
    -1.35353 0 0 0
     -1.3555 0 0 0
    -1.35404 0 0 0
    -1.35142 0 0 0
    -1.35401 0 0 0
    -1.35127 0 0 0
     -1.3493 0 0 0
    -1.35142 0 0 0
     -1.3482 0 0 0
    -1.34933 0 0 0
    -1.35055 0 0 0
    -1.34912 0 0 0
    -1.34617 0 0 0
    -1.34784 0 0 0
    -1.34984 0 0 0
    -1.34349 0 0 0
    -1.34563 0 0 0
    -1.34757 0 0 0
    -1.34325 0 0 0
    -1.34125 0 0 0
    -1.34581 0 0 0
    -1.34298 0 0 0
    -1.34006 0 0 0
    -1.34125 0 0 0
    -1.34027 0 0 0
    -1.34003 0 0 0
    -1.34131 0 0 0
    -1.33607 0 0 0
    -1.33586 0 0 0
    -1.33699 0 1 0
    -1.33184 0 0 0
    -1.33198 0 0 0
     -1.3327 0 0 0
    -1.32772 0 0 0
    -1.32954 0 0 0
    -1.33064 0 0 0
    -1.32632 0 0 0
    -1.32635 0 0 0
    -1.32987 1 0 1
    -1.32418 1 0 0
       -1.32 1 0 0
    -1.33866 1 0 0
    -1.33482 1 0 0
    -1.34087 1 0 0
    -1.36954 1 0 0
    -1.39549 1 0 0
    -1.38935 1 0 0
    -1.39919 1 0 0
     -1.3938 1 0 0
    -1.39841 1 0 0
    -1.40515 1 0 0
    -1.40297 1 0 0
    -1.40786 1 0 0
    -1.41606 1 0 0
    -1.41311 1 0 0
    -1.41737 1 0 0
    -1.42735 1 0 0
    -1.42455 1 0 0
    -1.42893 1 0 0
     -1.4343 1 0 0
    -1.43415 1 0 0
    -1.43775 1 0 0
    -1.44491 1 0 0
    -1.44121 1 0 0
    -1.44538 1 0 0
    -1.45271 1 0 0
    -1.45009 1 0 0
    -1.45483 1 0 0
    -1.46198 1 0 0
    -1.45736 1 0 0
    -1.46052 1 0 0
    -1.46666 1 0 0
    -1.46449 1 0 0
    -1.46574 1 0 0
    -1.47164 1 0 0
    -1.46964 1 0 0
    -1.47235 1 0 0
    -1.47748 1 0 0
    -1.47554 1 0 0
    -1.47921 1 0 0
    -1.48228 1 0 0
    -1.48141 1 0 0
     -1.4835 1 0 0
    -1.48973 1 0 0
    -1.48973 1 0 0
    -1.49143 1 0 0
    -1.49563 1 0 0
    -1.49468 1 0 0
    -1.49661 1 0 0
    -1.49977 1 0 0
    -1.49661 1 0 0
     -1.5018 1 0 0
    -1.50409 1 0 0
    -1.50132 1 0 0
     -1.5063 1 0 0
     -1.5063 1 0 0
    -1.50862 1 0 0
    -1.50806 1 0 0
    -1.51241 1 0 1
    -1.51828 1 0 0
    -1.51357 1 0 0
    -1.51598 1 0 0
    -1.52075 1 0 0
    -1.52037 1 0 0
    -1.51974 1 0 0
    -1.52603 1 0 0
    -1.52406 1 0 0
    -1.52579 1 0 0
    -1.52847 1 0 0
    -1.52853 1 0 0
    -1.53086 1 0 0
    -1.52999 1 0 0
    -1.53109 1 0 0
     -1.5288 1 0 0
    -1.52934 1 0 0
    -1.52859 1 0 0
    -1.52615 1 0 0
    -1.52418 1 0 0
    -1.52478 1 0 0
    -1.52338 1 0 0
    -1.51241 1 0 0
    -1.51607 1 0 0
    -1.52394 1 0 0
    -1.51977 1 0 0
    -1.51837 1 0 0
     -1.5201 1 0 0
    -1.52162 1 0 0
     -1.5184 1 0 0
    -1.51879 1 0 0
    -1.51846 1 0 0
    -1.51801 1 0 0
    -1.51944 1 0 0
    -1.51998 1 0 0
    -1.51777 1 0 0
    -1.51971 1 0 0
    -1.51908 1 0 0
    -1.51917 1 0 0
    -1.52069 1 0 0
    -1.52063 1 0 0
    -1.51989 1 0 0
    -1.52051 1 0 0
    -1.51911 1 0 0
    -1.51995 1 0 0
    -1.52215 1 0 0
    -1.52096 1 0 0
    -1.52269 1 0 0
    -1.52278 1 0 0
    -1.52203 1 0 0
    -1.52361 1 0 0
    -1.52329 1 0 0
     -1.5237 1 0 0
    -1.52391 1 0 0
    -1.52543 1 0 0
    -1.52469 1 0 0
    -1.52501 1 0 0
    -1.52659 1 0 0
    -1.52522 1 0 0
    -1.52716 1 0 0
    -1.52853 1 0 1
    -1.52674 1 0 0
    -1.52898 1 0 0
    -1.53041 1 0 0
    -1.52877 1 0 0
    -1.52814 1 0 0
    -1.53151 1 0 0
    -1.53172 1 0 0
    -1.53026 1 0 0
    -1.53378 1 0 0
    -1.53252 1 0 0
     -1.5361 1 0 0
    -1.53989 1 0 0
    -1.54093 1 0 0
    -1.54459 1 0 0
    -1.54799 1 0 0
    -1.54987 1 0 0
    -1.55163 1 0 0
    -1.55652 1 0 0
    -1.55792 1 0 0
    -1.56003 1 0 0
    -1.56403 1 0 0
    -1.56382 1 0 0
    -1.56692 1 0 0
    -1.56966 1 0 0
    -1.57034 1 0 0
    -1.57225 1 0 0
     -1.5747 1 0 0
    -1.57517 1 0 0
    -1.57738 1 0 0
    -1.57732 1 0 0
    -1.58086 1 0 0
    -1.58066 1 0 0
    -1.58256 1 0 0
    -1.58477 1 0 0
     -1.5834 1 0 0
    -1.58593 1 0 0
    -1.58879 1 0 0
     -1.5893 1 0 0
    -1.59112 1 0 0
    -1.59043 1 0 0
    -1.59109 1 0 0
     -1.5921 1 0 0
    -1.59395 1 0 0
    -1.59225 1 0 0
    -1.59433 1 0 0
    -1.59529 1 0 0
    -1.59568 1 0 0
    -1.59794 1 0 0
    -1.59848 1 0 0
    -1.59869 1 0 0
     -1.5997 1 0 0
    -1.59761 1 0 0
    -1.60006 1 0 0
    -1.60244 1 0 0
    -1.60208 1 0 0
    -1.60179 1 0 0
    -1.60447 1 0 0
    -1.60134 1 0 0
    -1.60298 1 0 0
    -1.60539 1 0 1
    -1.60643 1 0 0
    -1.60772 1 0 0
    -1.60772 1 0 0
    -1.60792 1 0 0
    -1.60757 1 0 0
    -1.60852 1 0 0
    -1.60906 1 0 0
    -1.60927 1 0 0
    -1.61022 1 0 0
    -1.61237 1 0 0
    -1.61237 1 0 0
    -1.61153 1 0 0
    -1.61487 1 0 0
    -1.61079 1 0 0
    -1.61293 1 0 0
     -1.6149 1 0 0
    -1.61502 1 0 0
     -1.6169 1 0 0
     -1.6177 1 0 0
    -1.61627 1 0 0
    -1.61618 1 0 0
    -1.61853 1 0 0
    -1.61871 1 0 0
    -1.61999 1 0 0
    -1.61779 1 0 0
     -1.6211 1 0 0
    -1.62011 1 0 0
    -1.61967 1 0 0
    -1.62238 1 0 0
    -1.62166 1 0 0
     -1.6228 1 0 0
    -1.62229 1 0 0
    -1.62238 1 0 0
    -1.62318 1 0 0
    -1.62476 1 0 0
    -1.62283 1 0 0
    -1.62551 1 0 0
    -1.62524 1 0 0
    -1.62521 1 0 0
    -1.62551 1 0 0
     -1.6253 1 0 0
    -1.62566 1 0 0
    -1.62652 1 0 0
    -1.62804 1 0 0
    -1.62619 1 0 0
    -1.62876 1 0 0
    -1.62756 1 0 0
    -1.63049 1 0 0
     -1.6292 1 0 0
    -1.62876 1 0 0
    -1.62962 1 0 0
    -1.62974 1 0 0
    -1.63075 1 0 0
    -1.62905 1 0 0
    -1.63177 1 0 0
    -1.63189 1 0 0
    -1.62935 1 0 0
    -1.63212 1 0 0
    -1.63248 1 0 0
    -1.63114 1 0 1
    -1.63227 1 0 0
    -1.63224 1 0 0
    -1.63156 1 0 0
    -1.63314 1 0 0
    -1.63412 1 0 0
    -1.63502 1 0 0
     -1.6354 1 0 0
     -1.6374 1 0 0
    -1.63436 1 0 0
    -1.63645 1 0 0
    -1.63656 1 0 0
    -1.63773 1 0 0
    -1.63734 1 0 0
    -1.63761 1 0 0
    -1.63633 1 0 0
     -1.6385 1 0 0
     -1.6382 1 0 0
    -1.63594 1 0 0
    -1.63811 1 0 0
    -1.63928 1 0 0
    -1.63829 1 0 0
    -1.63832 1 0 0
    -1.63987 1 0 0
    -1.63519 1 0 0
    -1.63773 1 0 0
    -1.64065 1 0 0
    -1.63925 1 0 0
    -1.64098 1 0 0
    -1.64306 1 0 0
    -1.64092 1 0 0
    -1.64044 1 0 0
    -1.64253 1 0 0
    -1.64205 1 0 0
    -1.64235 1 0 0
    -1.64258 1 0 0
    -1.64244 1 0 0
    -1.64372 1 0 0
    -1.64443 1 0 0
    -1.64524 1 0 0
    -1.64437 1 0 0
    -1.64533 1 0 0
    -1.64491 1 0 0
    -1.64431 1 0 0
    -1.64449 1 0 0
    -1.64405 1 0 0
    -1.64348 1 0 0
    -1.64521 1 0 0
    -1.64437 1 0 0
    -1.64548 1 0 0
    -1.64589 1 0 0
    -1.64336 1 0 0
    -1.64613 1 0 0
    -1.64655 1 0 0
    -1.64303 1 0 0
    -1.64285 1 0 0
    -1.64995 1 0 0
    -1.64744 1 0 0
    -1.64983 1 0 0
    -1.64714 1 0 1
    -1.64622 1 0 0
    -1.64664 1 0 0
    -1.64628 1 0 0
    -1.64607 1 0 0
     -1.6467 1 0 0
    -1.64604 1 0 0
    -1.64494 1 0 0
    -1.64607 1 0 0
    -1.64613 1 0 0
    -1.64682 1 0 0
    -1.64777 1 0 0
    -1.64589 1 0 0
    -1.64694 1 0 0
     -1.6416 1 0 0
    -1.64017 1 0 0
    -1.64255 1 0 0
    -1.63826 1 0 0
    -1.63898 1 0 0
    -1.63406 1 0 0
    -1.63329 1 0 0
    -1.63051 1 0 0
    -1.62682 1 0 0
     -1.6264 1 0 0
    -1.62458 1 0 0
    -1.62092 1 0 0
    -1.62038 1 0 0
    -1.61892 1 0 0
    -1.61737 1 0 0
    -1.61609 1 0 0
    -1.61481 1 0 0
     -1.6135 1 0 0
    -1.61299 1 0 0
    -1.61231 1 0 0
    -1.61064 1 0 0
    -1.60974 1 0 0
    -1.60831 1 0 0
    -1.60897 1 0 0
    -1.60798 1 0 0
    -1.60792 1 0 0
     -1.6067 1 0 0
     -1.6059 1 0 0
    -1.60632 1 0 0
    -1.60372 1 0 0
    -1.60483 1 0 0
    -1.60471 1 0 0
    -1.60187 1 0 0
    -1.60274 1 0 0
     -1.6022 1 0 0
    -1.60077 1 0 0
    -1.60283 1 0 0
    -1.60193 1 0 0
    -1.60006 1 0 0
    -1.60134 1 0 0
    -1.60113 1 0 0
    -1.60015 1 0 0
    -1.59991 1 0 0
    -1.60056 1 0 0
    -1.59779 1 0 0
    -1.59919 1 0 0
    -1.59794 1 0 1
    -1.59881 1 0 0
    -1.59681 1 0 0
    -1.59657 1 0 0
     -1.5972 1 0 0
    -1.59681 1 0 0
    -1.59496 1 0 0
    -1.59615 1 0 0
    -1.59836 1 0 0
    -1.59857 1 0 0
    -1.59505 1 0 0
    -1.59764 1 0 0
    -1.59895 1 0 0
    -1.60155 1 0 0
    -1.60453 1 0 0
    -1.60483 1 0 0
    -1.60789 1 0 0
    -1.61088 1 0 0
    -1.61186 1 0 0
    -1.61487 1 0 0
    -1.61633 1 0 0
    -1.61901 1 0 0
    -1.61913 1 0 0
    -1.61991 1 0 0
    -1.62226 1 0 0
    -1.62295 1 0 0
    -1.62378 1 0 0
    -1.62518 1 0 0
    -1.62503 1 0 0
    -1.62661 1 0 0
    -1.62858 1 0 0
    -1.62801 1 0 0
    -1.62989 1 0 0
    -1.62873 1 0 0
    -1.63123 1 0 0
    -1.63129 1 0 0
    -1.63043 1 0 0
    -1.63266 1 0 0
    -1.63442 1 0 0
    -1.63335 1 0 0
    -1.63674 1 0 0
    -1.63448 1 0 0
    -1.63493 1 0 0
    -1.63549 1 0 0
    -1.63522 1 0 0
    -1.63436 1 0 0
    -1.63633 1 0 0
    -1.63728 1 0 0
    -1.63758 1 0 0
    -1.63874 1 0 0
    -1.63969 1 0 0
    -1.63999 1 0 0
    -1.63907 1 0 0
    -1.64053 1 0 0
    -1.64083 1 0 0
    -1.64136 1 0 0
    -1.64169 1 0 0
    -1.64112 1 0 0
    -1.64184 1 0 0
    -1.64136 1 0 0
    -1.64112 1 0 1
    -1.64205 1 0 0
    -1.64199 1 0 0
    -1.64378 1 0 0
    -1.64324 1 0 0
    -1.64261 1 0 0
    -1.64184 1 0 0
    -1.64282 1 0 0
    -1.64431 1 0 0
    -1.64372 1 0 0
    -1.64402 1 0 0
    -1.64378 1 0 0
    -1.64202 1 0 0
    -1.64443 1 0 0
    -1.64407 1 0 0
     -1.6447 1 0 0
    -1.64384 1 0 0
    -1.64515 1 0 0
    -1.64703 1 0 0
    -1.64908 1 0 0
    -1.64542 1 0 0
    -1.64655 1 0 0
    -1.64741 1 0 0
    -1.64616 1 0 0
    -1.64616 1 0 0
    -1.64634 1 0 0
    -1.64893 1 0 0
    -1.64777 1 0 0
    -1.64822 1 0 0
    -1.64801 1 0 0
    -1.64756 1 0 0
    -1.64908 1 0 0
    -1.64771 1 0 0
     -1.6481 1 0 0
    -1.64923 1 0 0
     -1.6475 1 0 0
    -1.64935 1 0 0
    -1.64762 1 0 0
    -1.65233 1 0 0
    -1.64792 1 0 0
    -1.64822 1 0 0
     -1.6498 1 0 0
    -1.64947 1 0 0
    -1.65001 1 0 0
    -1.65036 1 0 0
    -1.64869 1 0 0
    -1.65001 1 0 0
    -1.64893 1 0 0
    -1.64902 1 0 0
    -1.64974 1 0 0
    -1.64914 1 0 0
    -1.64944 1 0 0
     -1.6512 1 0 0
    -1.65141 1 0 0
    -1.65045 1 0 0
    -1.64816 1 0 0
    -1.65084 1 0 0
    -1.65063 1 0 0
    -1.65197 1 0 0
    -1.65156 1 0 0
    -1.65072 1 0 1
    -1.65585 1 0 0
    -1.64565 1 0 0
    -1.65477 1 0 0
    -1.65147 1 0 0
    -1.65203 1 0 0
    -1.64926 1 0 0
    -1.60885 1 0 0
    -1.67191 1 0 0
    -1.64509 1 0 0
    -1.65346 1 0 0
    -1.64783 1 0 0
    -1.65319 1 0 0
    -1.66428 1 0 0
    -1.65877 1 0 0
    -1.65105 1 0 0
    -1.65853 1 0 0
     -1.6548 1 0 0
     -1.6523 1 0 0
    -1.65892 1 0 0
    -1.65173 1 0 0
    -1.65492 1 0 0
    -1.65954 1 0 0
    -1.65388 1 0 0
    -1.65418 1 0 0
    -1.65406 1 0 0
    -1.65373 1 0 0
    -1.65471 1 0 0
    -1.65567 1 0 0
    -1.65555 1 0 0
    -1.65352 1 0 0
    -1.65379 1 0 0
    -1.65236 1 0 0
    -1.65397 1 0 0
    -1.65319 1 0 0
    -1.65337 1 0 0
    -1.65331 1 0 0
    -1.65439 1 0 0
    -1.65424 1 0 0
    -1.65367 1 0 0
    -1.65492 1 0 0
    -1.65355 1 0 0
    -1.65394 1 0 0
    -1.65513 1 0 0
    -1.65173 1 0 0
    -1.65465 1 0 0
    -1.65766 1 0 0
    -1.65367 1 0 0
    -1.65612 1 0 0
    -1.65531 1 0 0
     -1.6534 1 0 0
    -1.65421 1 0 0
      -1.656 1 1 0
     -1.6551 1 0 0
    -1.65471 1 0 0
     -1.6551 1 0 0
    -1.65519 1 0 0
    -1.65552 1 0 0
    -1.65597 1 0 0
    -1.65448 1 0 0
    -1.65561 0 0 1
    -1.65486 0 0 0
    -1.65462 0 0 0
    -1.65063 0 0 0
    -1.65012 0 0 0
     -1.6489 0 0 0
     -1.6458 0 0 0
    -1.64247 0 0 0
    -1.60718 0 0 0
     -1.5963 0 0 0
    -1.59565 0 0 0
    -1.59422 0 0 0
     -1.5904 0 0 0
    -1.58706 0 0 0
    -1.58027 0 0 0
    -1.57371 0 0 0
    -1.56754 0 0 0
    -1.56161 0 0 0
    -1.55339 0 0 0
    -1.54394 0 0 0
     -1.5437 0 0 0
    -1.53685 0 0 0
      -1.531 0 0 0
    -1.52332 0 0 0
     -1.5173 0 0 0
    -1.51297 0 0 0
    -1.50999 0 0 0
    -1.50499 0 0 0
    -1.50099 0 0 0
    -1.49646 0 0 0
    -1.49247 0 0 0
    -1.48791 0 0 0
    -1.48377 0 0 0
    -1.48028 0 0 0
    -1.47685 0 0 0
    -1.47301 0 0 0
    -1.46955 0 0 0
     -1.4672 0 0 0
    -1.46279 0 0 0
    -1.46189 0 0 0
    -1.45528 0 0 0
    -1.45099 0 0 0
    -1.44976 0 0 0
    -1.44607 0 0 0
    -1.44386 0 0 0
    -1.44082 0 0 0
    -1.43665 0 0 0
    -1.43391 0 0 0
    -1.43161 0 0 0
    -1.42947 0 0 0
    -1.42685 0 0 0
    -1.42339 0 0 0
    -1.41981 0 0 0
    -1.41737 0 0 0
    -1.41478 0 0 0
    -1.41194 0 0 0
    -1.41126 0 0 0
    -1.40578 0 0 0
    -1.40402 0 0 0
    -1.40154 0 0 0
    -1.39818 0 0 1
    -1.39633 0 0 0
    -1.39359 0 0 0
     -1.3918 0 0 0
    -1.38685 0 0 0
    -1.38628 0 0 0
    -1.38369 0 0 0
    -1.38131 0 0 0
    -1.37639 0 0 0
    -1.37642 0 0 0
    -1.37448 0 0 0
    -1.37705 0 0 0
    -1.37833 0 0 0
    -1.37761 0 0 0
    -1.37922 0 0 0
    -1.37904 0 0 0
    -1.38193 0 0 0
     -1.3842 0 0 0
    -1.38476 0 0 0
    -1.38447 0 0 0
    -1.38459 0 0 0
    -1.38655 0 0 0
    -1.38721 0 0 0
    -1.38721 0 0 0
    -1.38503 0 0 0
    -1.38783 0 0 0
    -1.38676 0 0 0
    -1.38408 0 0 0
     -1.3842 0 0 0
    -1.38479 0 0 0
     -1.3828 0 0 0
     -1.3811 0 0 0
    -1.38265 0 0 0
    -1.38116 0 0 0
    -1.37785 0 0 0
    -1.37812 0 0 0
    -1.37737 0 0 0
    -1.37743 0 0 0
    -1.37338 0 0 0
    -1.37386 0 0 0
    -1.37472 0 0 0
    -1.37234 0 0 0
    -1.37025 0 0 0
     -1.3698 0 0 0
    -1.36828 0 0 0
    -1.36715 0 0 0
    -1.36971 0 0 0
    -1.36286 0 0 0
    -1.36703 0 0 0
    -1.36641 0 0 0
    -1.36119 0 0 0
    -1.36003 0 0 0
    -1.35922 0 0 0
    -1.35905 0 0 0
    -1.35884 0 0 0
    -1.35985 0 0 0
    -1.35571 0 0 0
     -1.3566 0 0 0
    -1.35553 0 0 0
    -1.35532 0 0 0
    -1.35291 0 0 1
    -1.35228 0 0 0
    -1.35094 0 0 0
    -1.34829 0 0 0
    -1.35159 0 0 0
    -1.34569 0 0 0
    -1.34519 0 0 0
    -1.34432 0 0 0
    -1.34397 0 0 0
    -1.34331 0 0 0
    -1.34227 0 0 0
    -1.34012 0 0 0
    -1.33976 0 0 0
    -1.33872 0 0 0
    -1.33795 0 0 0
     -1.3364 0 0 0
    -1.33553 0 0 0
    -1.33607 0 0 0
    -1.33508 0 0 0
    -1.33264 0 0 0
    -1.33362 0 0 0
    -1.32895 0 0 0
    -1.32969 0 0 0
    -1.33049 0 0 0
     -1.3279 0 0 0
    -1.32564 0 0 0
      -1.329 0 0 0
    -1.32665 0 0 0
    -1.32734 0 0 0
    -1.32421 0 0 0
    -1.32442 0 0 0
     -1.3223 0 0 0
    -1.32135 0 0 0
    -1.32024 0 0 0
    -1.31935 0 0 0
    -1.31896 0 0 0
    -1.31893 0 0 0
    -1.31518 0 0 0
    -1.31667 0 0 0
    -1.31613 0 0 0
    -1.31524 0 0 0
    -1.31536 0 0 0
    -1.31083 0 0 0
    -1.31324 0 0 0
    -1.31547 0 0 0
    -1.30922 0 0 0
    -1.30689 0 0 0
    -1.31336 0 0 0
    -1.30618 0 0 0
    -1.30722 0 0 0
    -1.30653 0 0 0
    -1.30746 0 1 0
    -1.30546 0 0 0
    -1.30498 0 0 0
    -1.30209 0 0 0
    -1.30406 0 0 0
    -1.30367 0 0 0
    -1.29816 0 0 0
    -1.30233 0 0 0
    -1.30385 0 0 0
    -1.29703 1 0 1
    -1.29783 1 0 0
    -1.29431 1 0 0
    -1.30677 1 0 0
    -1.30785 1 0 0
    -1.31521 1 0 0
    -1.34248 1 0 0
    -1.37693 1 0 0
     -1.3693 1 0 0
    -1.37103 1 0 0
    -1.37869 1 0 0
    -1.37943 1 0 0
    -1.38256 1 0 0
    -1.38503 1 0 0
    -1.38536 1 0 0
    -1.39073 1 0 0
    -1.39669 1 0 0
    -1.39645 1 0 0
     -1.3985 1 0 0
    -1.40509 1 0 0
    -1.40923 1 0 0
    -1.40768 1 0 0
    -1.41609 1 0 0
     -1.4165 1 0 0
      -1.423 1 0 0
     -1.4236 1 0 0
    -1.42559 1 0 0
    -1.42965 1 0 0
    -1.43266 1 0 0
     -1.4337 1 0 0
    -1.44005 1 0 0
    -1.43716 1 0 0
    -1.44252 1 0 0
    -1.44511 1 0 0
    -1.44318 1 0 0
    -1.44544 1 0 0
    -1.45218 1 0 0
    -1.45099 1 0 0
    -1.45581 1 0 0
    -1.45948 1 0 0
    -1.45808 1 0 0
    -1.46103 1 0 0
    -1.46484 1 0 0
    -1.46431 1 0 0
    -1.46717 1 0 0
    -1.47188 1 0 0
    -1.46925 1 0 0
    -1.47191 1 0 0
    -1.47209 1 0 0
    -1.47766 1 0 0
    -1.47843 1 0 0
    -1.47933 1 0 0
    -1.48427 1 0 0
    -1.48091 1 0 0
    -1.48618 1 0 0
    -1.49319 1 0 0
    -1.48964 1 0 0
    -1.49205 1 0 0
    -1.49342 1 0 0
    -1.48925 1 0 0
    -1.49366 1 0 1
    -1.49792 1 0 0
     -1.4948 1 0 0
    -1.49727 1 0 0
    -1.50365 1 0 0
    -1.50013 1 0 0
    -1.50403 1 0 0
    -1.50886 1 0 0
    -1.50558 1 0 0
    -1.50949 1 0 0
    -1.51137 1 0 0
    -1.51139 1 0 0
    -1.51163 1 0 0
    -1.51041 1 0 0
    -1.51324 1 0 0
    -1.50999 1 0 0
    -1.50907 1 0 0
    -1.51011 1 0 0
    -1.50743 1 0 0
    -1.50642 1 0 0
    -1.50952 1 0 0
    -1.50302 1 0 0
    -1.50225 1 0 0
    -1.50448 1 0 0
    -1.50079 1 0 0
    -1.50186 1 0 0
    -1.50353 1 0 0
    -1.50052 1 0 0
    -1.49977 1 0 0
     -1.5021 1 0 0
    -1.50204 1 0 0
    -1.50099 1 0 0
    -1.50064 1 0 0
     -1.5029 1 0 0
    -1.49953 1 0 0
    -1.49953 1 0 0
    -1.50511 1 0 0
    -1.50236 1 0 0
    -1.49989 1 0 0
    -1.50433 1 0 0
    -1.50231 1 0 0
    -1.50046 1 0 0
    -1.50439 1 0 0
    -1.50397 1 0 0
    -1.50043 1 0 0
    -1.50129 1 0 0
    -1.50418 1 0 0
    -1.50505 1 0 0
    -1.50588 1 0 0
    -1.50922 1 0 0
    -1.50573 1 0 0
    -1.50684 1 0 0
    -1.51056 1 0 0
    -1.50725 1 0 0
    -1.50797 1 0 0
    -1.50901 1 0 0
    -1.51137 1 0 0
    -1.50943 1 0 0
     -1.5122 1 0 0
      -1.513 1 0 0
     -1.5091 1 0 1
    -1.51122 1 0 0
    -1.51497 1 0 0
    -1.51122 1 0 0
    -1.51065 1 0 0
    -1.51539 1 0 0
    -1.51128 1 0 0
    -1.51274 1 0 0
    -1.51744 1 0 0
    -1.51321 1 0 0
    -1.51655 1 0 0
    -1.52248 1 0 0
    -1.52215 1 0 0
     -1.5251 1 0 0
    -1.52698 1 0 0
    -1.53446 1 0 0
    -1.53074 1 0 0
      -1.535 1 0 0
    -1.54415 1 0 0
     -1.5415 1 0 0
    -1.54334 1 0 0
     -1.5451 1 0 0
    -1.55094 1 0 0
    -1.54734 1 0 0
    -1.55345 1 0 0
    -1.55693 1 0 0
    -1.55547 1 0 0
    -1.55929 1 0 0
    -1.55988 1 0 0
    -1.56236 1 0 0
    -1.56039 1 0 0
    -1.56286 1 0 0
     -1.5676 1 0 0
    -1.56358 1 0 0
    -1.56686 1 0 0
    -1.56918 1 0 0
    -1.56653 1 0 0
    -1.56879 1 0 0
    -1.57258 1 0 0
    -1.56888 1 0 0
    -1.57279 1 0 0
    -1.57771 1 0 0
    -1.57237 1 0 0
    -1.57484 1 0 0
    -1.57997 1 0 0
    -1.57541 1 0 0
    -1.57675 1 0 0
    -1.58131 1 0 0
    -1.57717 1 0 0
    -1.58027 1 0 0
    -1.58322 1 0 0
    -1.58063 1 0 0
    -1.58188 1 0 0
    -1.58641 1 0 0
    -1.58066 1 0 0
    -1.58113 1 0 0
    -1.58882 1 0 0
    -1.58486 1 0 0
    -1.58653 1 0 0
    -1.59076 1 0 0
    -1.58733 1 0 1
    -1.59153 1 0 0
    -1.58963 1 0 0
    -1.59121 1 0 0
    -1.59085 1 0 0
    -1.59296 1 0 0
    -1.59255 1 0 0
    -1.59371 1 0 0
    -1.59517 1 0 0
    -1.59582 1 0 0
    -1.59565 1 0 0
    -1.59556 1 0 0
    -1.59594 1 0 0
    -1.59705 1 0 0
    -1.59514 1 0 0
     -1.5986 1 0 0
     -1.5974 1 0 0
    -1.59794 1 0 0
    -1.59881 1 0 0
     -1.5991 1 0 0
    -1.60021 1 0 0
    -1.60113 1 0 0
    -1.60024 1 0 0
    -1.60047 1 0 0
    -1.60429 1 0 0
    -1.60316 1 0 0
     -1.6028 1 0 0
    -1.60354 1 0 0
    -1.60497 1 0 0
    -1.60342 1 0 0
    -1.60584 1 0 0
     -1.6048 1 0 0
     -1.6056 1 0 0
     -1.6073 1 0 0
    -1.60539 1 0 0
    -1.60623 1 0 0
    -1.60879 1 0 0
    -1.60664 1 0 0
    -1.60885 1 0 0
     -1.6095 1 0 0
     -1.6073 1 0 0
    -1.60924 1 0 0
     -1.6098 1 0 0
    -1.60775 1 0 0
     -1.6104 1 0 0
      -1.609 1 0 0
    -1.61201 1 0 0
    -1.61117 1 0 0
    -1.61317 1 0 0
    -1.61284 1 0 0
    -1.61195 1 0 0
    -1.61329 1 0 0
    -1.61314 1 0 0
    -1.61353 1 0 0
    -1.61526 1 0 0
    -1.61391 1 0 0
    -1.61573 1 0 0
     -1.6166 1 0 0
    -1.61511 1 0 0
    -1.61576 1 0 0
    -1.61779 1 0 1
    -1.61558 1 0 0
    -1.61642 1 0 0
    -1.61844 1 0 0
    -1.61448 1 0 0
    -1.61707 1 0 0
    -1.61892 1 0 0
    -1.61818 1 0 0
     -1.6188 1 0 0
    -1.61967 1 0 0
    -1.61776 1 0 0
    -1.61788 1 0 0
    -1.61922 1 0 0
    -1.62002 1 0 0
    -1.62032 1 0 0
    -1.61833 1 0 0
    -1.61961 1 0 0
    -1.61925 1 0 0
    -1.62104 1 0 0
    -1.62181 1 0 0
    -1.62047 1 0 0
    -1.62125 1 0 0
    -1.62297 1 0 0
    -1.62145 1 0 0
    -1.62208 1 0 0
    -1.62134 1 0 0
    -1.62286 1 0 0
    -1.62396 1 0 0
    -1.62345 1 0 0
    -1.62438 1 0 0
    -1.62417 1 0 0
    -1.62387 1 0 0
    -1.62351 1 0 0
     -1.6247 1 0 0
    -1.62479 1 0 0
    -1.62613 1 0 0
    -1.62366 1 0 0
    -1.62727 1 0 0
    -1.62849 1 0 0
    -1.62709 1 0 0
    -1.62441 1 0 0
     -1.6264 1 0 0
    -1.62569 1 0 0
    -1.62634 1 0 0
    -1.62637 1 0 0
    -1.62774 1 0 0
    -1.62718 1 0 0
     -1.6253 1 0 0
    -1.62601 1 0 0
    -1.63016 1 0 0
    -1.62789 1 0 0
    -1.62864 1 0 0
    -1.62858 1 0 0
    -1.62989 1 0 0
    -1.62902 1 0 0
    -1.62676 1 0 0
    -1.62929 1 0 0
    -1.62891 1 0 0
    -1.62911 1 0 0
     -1.6278 1 0 1
    -1.62724 1 0 0
    -1.63257 1 0 0
    -1.62932 1 0 0
    -1.63063 1 0 0
    -1.63361 1 0 0
    -1.63096 1 0 0
    -1.63016 1 0 0
     -1.6329 1 0 0
    -1.62882 1 0 0
    -1.63195 1 0 0
    -1.63347 1 0 0
     -1.6281 1 0 0
    -1.63051 1 0 0
    -1.62977 1 0 0
    -1.62461 1 0 0
    -1.62417 1 0 0
    -1.62455 1 0 0
    -1.62089 1 0 0
    -1.61815 1 0 0
    -1.61594 1 0 0
    -1.61508 1 0 0
    -1.61055 1 0 0
    -1.60903 1 0 0
    -1.60661 1 0 0
    -1.60545 1 0 0
    -1.60322 1 0 0
    -1.60158 1 0 0
    -1.59889 1 0 0
    -1.60065 1 0 0
    -1.59836 1 0 0
    -1.59723 1 0 0
    -1.59639 1 0 0
    -1.59508 1 0 0
    -1.59383 1 0 0
    -1.59383 1 0 0
    -1.59237 1 0 0
    -1.59106 1 0 0
    -1.59091 1 0 0
    -1.59022 1 0 0
    -1.58983 1 0 0
    -1.58927 1 0 0
      -1.589 1 0 0
    -1.58647 1 0 0
    -1.58733 1 0 0
    -1.58685 1 0 0
     -1.5862 1 0 0
    -1.58697 1 0 0
    -1.58575 1 0 0
    -1.58709 1 0 0
    -1.58399 1 0 0
    -1.58384 1 0 0
    -1.58367 1 0 0
    -1.58185 1 0 0
    -1.58203 1 0 0
    -1.58274 1 0 0
    -1.58209 1 0 0
    -1.58274 1 0 0
    -1.58057 1 0 0
    -1.57979 1 0 0
    -1.57934 1 0 1
    -1.58182 1 0 0
    -1.57812 1 0 0
    -1.57955 1 0 0
    -1.57914 1 0 0
    -1.57836 1 0 0
    -1.57717 1 0 0
    -1.57553 1 0 0
    -1.57571 1 0 0
    -1.57645 1 0 0
    -1.57675 1 0 0
    -1.57735 1 0 0
    -1.58086 1 0 0
    -1.58226 1 0 0
    -1.58474 1 0 0
    -1.58852 1 0 0
    -1.59124 1 0 0
     -1.5913 1 0 0
    -1.59428 1 0 0
    -1.59642 1 0 0
    -1.59809 1 0 0
    -1.60059 1 0 0
    -1.60012 1 0 0
    -1.60363 1 0 0
    -1.60271 1 0 0
    -1.60316 1 0 0
     -1.6064 1 0 0
    -1.60706 1 0 0
    -1.60956 1 0 0
    -1.61031 1 0 0
    -1.61207 1 0 0
    -1.61108 1 0 0
    -1.61171 1 0 0
    -1.61281 1 0 0
    -1.61383 1 0 0
    -1.61499 1 0 0
     -1.6146 1 0 0
     -1.6157 1 0 0
    -1.61609 1 0 0
    -1.61546 1 0 0
    -1.61818 1 0 0
    -1.61806 1 0 0
    -1.61806 1 0 0
     -1.6188 1 0 0
    -1.61958 1 0 0
    -1.61889 1 0 0
    -1.62011 1 0 0
    -1.62143 1 0 0
    -1.61934 1 0 0
    -1.62107 1 0 0
    -1.61928 1 0 0
    -1.61842 1 0 0
    -1.62026 1 0 0
     -1.6214 1 0 0
    -1.61994 1 0 0
    -1.62262 1 0 0
    -1.62238 1 0 0
    -1.61976 1 0 0
    -1.62414 1 0 0
     -1.6264 1 0 0
    -1.62405 1 0 1
    -1.62286 1 0 0
    -1.62539 1 0 0
    -1.62354 1 0 0
    -1.62482 1 0 0
    -1.62536 1 0 0
    -1.62408 1 0 0
    -1.62432 1 0 0
    -1.62414 1 0 0
    -1.62405 1 0 0
     -1.6261 1 0 0
    -1.62819 1 0 0
    -1.62348 1 0 0
    -1.62685 1 0 0
    -1.62864 1 0 0
    -1.62649 1 0 0
    -1.62718 1 0 0
    -1.62864 1 0 0
    -1.62718 1 0 0
    -1.62759 1 0 0
    -1.62688 1 0 0
    -1.62902 1 0 0
    -1.62697 1 0 0
    -1.63007 1 0 0
    -1.62843 1 0 0
    -1.62834 1 0 0
    -1.63266 1 0 0
    -1.62685 1 0 0
    -1.62831 1 0 0
     -1.6329 1 0 0
    -1.62587 1 0 0
    -1.62914 1 0 0
    -1.63209 1 0 0
    -1.62822 1 0 0
    -1.62968 1 0 0
    -1.62804 1 0 0
    -1.62917 1 0 0
    -1.62932 1 0 0
    -1.62989 1 0 0
    -1.63001 1 0 0
    -1.63156 1 0 0
    -1.63141 1 0 0
    -1.63153 1 0 0
     -1.6332 1 0 0
    -1.63189 1 0 0
    -1.63141 1 0 0
    -1.63046 1 0 0
    -1.63478 1 0 0
    -1.62923 1 0 0
    -1.63099 1 0 0
    -1.63579 1 0 0
    -1.62935 1 0 0
     -1.6326 1 0 0
    -1.63308 1 0 0
    -1.63156 1 0 0
    -1.63299 1 0 0
    -1.63442 1 0 0
    -1.63135 1 0 0
    -1.63263 1 0 0
    -1.63323 1 0 0
    -1.63361 1 0 1
    -1.63248 1 0 0
    -1.63367 1 0 0
    -1.63314 1 0 0
    -1.63183 1 0 0
    -1.63615 1 0 0
     -1.6346 1 0 0
    -1.63096 1 0 0
    -1.63567 1 0 0
    -1.63573 1 0 0
    -1.63126 1 0 0
    -1.63087 1 0 0
    -1.63248 1 0 0
    -1.63373 1 0 0
     -1.6306 1 0 0
    -1.63463 1 0 0
    -1.63424 1 0 0
    -1.63215 1 0 0
    -1.63522 1 0 0
    -1.63496 1 0 0
    -1.63412 1 0 0
    -1.63674 1 0 0
    -1.63454 1 0 0
    -1.63651 1 0 0
    -1.63409 1 0 0
    -1.63415 1 0 0
    -1.63528 1 0 0
    -1.63355 1 0 0
    -1.63525 1 0 0
      -1.638 1 0 0
    -1.63364 1 0 0
    -1.63525 1 0 0
    -1.63561 1 0 0
    -1.63415 1 0 0
    -1.63415 1 0 0
    -1.63427 1 0 0
    -1.63767 1 0 0
    -1.63651 1 0 0
     -1.6371 1 0 0
      -1.638 1 0 0
    -1.63648 1 0 0
    -1.63454 1 0 0
    -1.63615 1 0 0
    -1.63528 1 0 0
    -1.63513 1 0 0
    -1.63347 1 0 0
    -1.63457 1 0 0
    -1.63418 1 0 0
    -1.63442 1 0 0
    -1.63758 1 0 0
    -1.63421 1 0 0
     -1.6368 1 0 0
    -1.63665 1 1 0
     -1.6351 1 0 0
    -1.63761 1 0 0
    -1.63502 1 0 0
    -1.63648 1 0 0
    -1.63734 1 0 0
    -1.63653 1 0 0
    -1.63805 1 0 0
    -1.63591 0 0 1
    -1.63618 0 0 0
    -1.63686 0 0 0
    -1.63156 0 0 0
    -1.63245 0 0 0
    -1.63248 0 0 0
    -1.62953 0 0 0
    -1.62452 0 0 0
    -1.58894 0 0 0
    -1.57905 0 0 0
    -1.57869 0 0 0
    -1.57231 0 0 0
    -1.57171 0 0 0
    -1.57031 0 0 0
    -1.55979 0 0 0
    -1.55395 0 0 0
    -1.54793 0 0 0
    -1.54167 0 0 0
    -1.53387 0 0 0
    -1.52871 0 0 0
    -1.52165 0 0 0
    -1.51327 0 0 0
    -1.50934 0 0 0
    -1.50508 0 0 0
    -1.49772 0 0 0
    -1.49471 0 0 0
    -1.48976 0 0 0
    -1.48362 0 0 0
    -1.48043 0 0 0
    -1.47697 0 0 0
    -1.47134 0 0 0
    -1.47009 0 0 0
    -1.46434 0 0 0
    -1.46207 0 0 0
     -1.4545 0 0 0
    -1.45325 0 0 0
    -1.45012 0 0 0
    -1.44488 0 0 0
    -1.44401 0 0 0
    -1.44219 0 0 0
    -1.43602 0 0 0
    -1.43462 0 0 0
    -1.43191 0 0 0
    -1.42726 0 0 0
    -1.42533 0 0 0
    -1.42106 0 0 0
    -1.41999 0 0 0
    -1.41406 0 0 0
    -1.41218 0 0 0
    -1.41191 0 0 0
    -1.40473 0 0 0
    -1.40515 0 0 0
    -1.40202 0 0 0
    -1.39695 0 0 0
    -1.39502 0 0 0
    -1.39034 0 0 0
    -1.38742 0 0 0
    -1.38941 0 0 0
    -1.38536 0 0 0
    -1.38101 0 0 0
    -1.37958 0 0 1
    -1.37794 0 0 0
    -1.37299 0 0 0
     -1.3735 0 0 0
    -1.37228 0 0 0
    -1.36885 0 0 0
    -1.36384 0 0 0
    -1.36241 0 0 0
    -1.35681 0 0 0
    -1.35928 0 0 0
    -1.35833 0 0 0
    -1.35621 0 0 0
      -1.358 0 0 0
    -1.35779 0 0 0
    -1.36006 0 0 0
    -1.36071 0 0 0
    -1.36039 0 0 0
    -1.36283 0 0 0
    -1.36313 0 0 0
    -1.36489 0 0 0
    -1.36471 0 0 0
    -1.36644 0 0 0
    -1.36667 0 0 0
    -1.36584 0 0 0
    -1.36676 0 0 0
    -1.36745 0 0 0
    -1.36495 0 0 0
    -1.36447 0 0 0
    -1.36697 0 0 0
    -1.36608 0 0 0
    -1.36298 0 0 0
    -1.36161 0 0 0
    -1.36232 0 0 0
    -1.36018 0 0 0
    -1.36045 0 0 0
    -1.36039 0 0 0
    -1.35642 0 0 0
    -1.35812 0 0 0
    -1.35794 0 0 0
    -1.35589 0 0 0
    -1.35493 0 0 0
    -1.35508 0 0 0
    -1.35127 0 0 0
    -1.35162 0 0 0
    -1.35061 0 0 0
    -1.34879 0 0 0
    -1.34775 0 0 0
    -1.34787 0 0 0
     -1.3451 0 0 0
    -1.34617 0 0 0
    -1.34605 0 0 0
    -1.34304 0 0 0
    -1.34218 0 0 0
    -1.34024 0 0 0
    -1.33806 0 0 0
    -1.33893 0 0 0
    -1.33476 0 0 0
    -1.33544 0 0 0
    -1.33741 0 0 0
    -1.33595 0 0 0
    -1.33368 0 0 1
    -1.33085 0 0 0
    -1.33371 0 0 0
    -1.33157 0 0 0
    -1.33091 0 0 0
    -1.32784 0 0 0
    -1.32802 0 0 0
    -1.33023 0 0 0
    -1.32796 0 0 0
    -1.32677 0 0 0
    -1.32746 0 0 0
    -1.32543 0 0 0
    -1.32433 0 0 0
    -1.32218 0 0 0
    -1.32251 0 0 0
    -1.31994 0 0 0
     -1.3206 0 0 0
    -1.31834 0 0 0
    -1.31714 0 0 0
    -1.31708 0 0 0
    -1.31658 0 0 0
    -1.31392 0 0 0
    -1.31333 0 0 0
    -1.31217 0 0 0
    -1.31038 0 0 0
    -1.30945 0 0 0
    -1.30844 0 0 0
    -1.30793 0 0 0
    -1.30686 0 0 0
    -1.30704 0 0 0
    -1.30698 0 0 0
    -1.30421 0 0 0
    -1.30367 0 0 0
     -1.3032 0 0 0
    -1.30257 0 0 0
    -1.30236 0 0 0
    -1.30001 0 0 0
    -1.29995 0 0 0
    -1.30108 0 0 0
    -1.29977 0 0 0
    -1.29557 0 0 0
    -1.29569 0 0 0
    -1.29589 0 0 0
    -1.29449 0 0 0
    -1.29288 0 0 0
    -1.29503 0 0 0
    -1.29199 0 0 0
    -1.29214 0 0 0
     -1.2992 0 0 0
    -1.30102 0 0 0
    -1.28314 0 0 0
    -1.28987 0 1 0
    -1.28651 0 0 0
    -1.28767 0 0 0
    -1.28707 0 0 0
    -1.28487 0 0 0
    -1.28394 0 0 0
    -1.28722 0 0 0
    -1.28347 0 0 0
    -1.28248 0 0 0
    -1.28201 1 0 1
    -1.27974 1 0 0
    -1.27903 1 0 0
    -1.28597 1 0 0
    -1.29461 1 0 0
    -1.29911 1 0 0
    -1.32704 1 0 0
     -1.3566 1 0 0
    -1.35314 1 0 0
    -1.35696 1 0 0
    -1.36015 1 0 0
    -1.36051 1 0 0
    -1.36149 1 0 0
    -1.36444 1 0 0
    -1.37126 1 0 0
    -1.36948 1 0 0
    -1.37812 1 0 0
    -1.38158 1 0 0
    -1.38444 1 0 0
    -1.38941 1 0 0
    -1.39225 1 0 0
    -1.39487 1 0 0
    -1.39847 1 0 0
     -1.4005 1 0 0
    -1.40402 1 0 0
    -1.40706 1 0 0
    -1.40893 1 0 0
     -1.4132 1 0 0
    -1.41385 1 0 0
    -1.41743 1 0 0
    -1.42026 1 0 0
     -1.4227 1 0 0
    -1.42431 1 0 0
    -1.42679 1 0 0
    -1.42965 1 0 0
    -1.43179 1 0 0
    -1.43349 1 0 0
     -1.4365 1 0 0
    -1.43769 1 0 0
    -1.44023 1 0 0
    -1.44196 1 0 0
    -1.44497 1 0 0
    -1.44681 1 0 0
    -1.44956 1 0 0
    -1.45203 1 0 0
     -1.4537 1 0 0
     -1.4562 1 0 0
    -1.45683 1 0 0
    -1.46064 1 0 0
    -1.46064 1 0 0
    -1.46338 1 0 0
    -1.46294 1 0 0
    -1.46532 1 0 0
    -1.46803 1 0 0
    -1.46872 1 0 0
    -1.47098 1 0 0
    -1.47414 1 0 0
    -1.47563 1 0 0
    -1.47745 1 0 0
    -1.47876 1 0 0
    -1.48091 1 0 1
    -1.48225 1 0 0
    -1.48356 1 0 0
    -1.48395 1 0 0
    -1.48717 1 0 0
    -1.48872 1 0 0
    -1.48943 1 0 0
    -1.49101 1 0 0
    -1.49307 1 0 0
    -1.49447 1 0 0
     -1.4964 1 0 0
    -1.49828 1 0 0
    -1.49852 1 0 0
    -1.49918 1 0 0
    -1.49971 1 0 0
    -1.49685 1 0 0
    -1.49816 1 0 0
    -1.49602 1 0 0
    -1.49426 1 0 0
    -1.49432 1 0 0
    -1.49181 1 0 0
    -1.48669 1 0 0
    -1.49876 1 0 0
    -1.49104 1 0 0
    -1.49161 1 0 0
    -1.48612 1 0 0
    -1.48684 1 0 0
    -1.48976 1 0 0
    -1.49035 1 0 0
    -1.48898 1 0 0
    -1.48845 1 0 0
    -1.48988 1 0 0
    -1.48997 1 0 0
    -1.48997 1 0 0
    -1.48943 1 0 0
    -1.49015 1 0 0
    -1.48678 1 0 0
    -1.48949 1 0 0
    -1.48958 1 0 0
    -1.48925 1 0 0
    -1.49074 1 0 0
    -1.48952 1 0 0
    -1.48982 1 0 0
    -1.49128 1 0 0
    -1.49149 1 0 0
    -1.49155 1 0 0
    -1.49348 1 0 0
    -1.49268 1 0 0
    -1.49235 1 0 0
     -1.4939 1 0 0
    -1.49384 1 0 0
    -1.49378 1 0 0
    -1.49459 1 0 0
    -1.49593 1 0 0
    -1.49587 1 0 0
    -1.49825 1 0 0
     -1.4964 1 0 0
    -1.49643 1 0 0
    -1.50007 1 0 0
    -1.50216 1 0 0
    -1.49632 1 0 1
    -1.49778 1 0 0
    -1.50019 1 0 0
    -1.49721 1 0 0
    -1.50234 1 0 0
    -1.50123 1 0 0
    -1.50025 1 0 0
    -1.50132 1 0 0
    -1.50254 1 0 0
    -1.50159 1 0 0
     -1.5043 1 0 0
    -1.50782 1 0 0
    -1.50922 1 0 0
     -1.5136 1 0 0
    -1.51837 1 0 0
    -1.52069 1 0 0
    -1.52352 1 0 0
    -1.52716 1 0 0
    -1.52922 1 0 0
     -1.5302 1 0 0
     -1.5319 1 0 0
     -1.5319 1 0 0
    -1.53643 1 0 0
    -1.53771 1 0 0
    -1.53908 1 0 0
    -1.54203 1 0 0
    -1.54635 1 0 0
     -1.5482 1 0 0
    -1.54886 1 0 0
     -1.5496 1 0 0
    -1.55166 1 0 0
    -1.55339 1 0 0
    -1.55371 1 0 0
    -1.55282 1 0 0
    -1.55398 1 0 0
    -1.55452 1 0 0
    -1.55538 1 0 0
    -1.55923 1 0 0
      -1.562 1 0 0
    -1.56012 1 0 0
    -1.56325 1 0 0
    -1.56426 1 0 0
    -1.56409 1 0 0
    -1.56307 1 0 0
    -1.56638 1 0 0
    -1.56501 1 0 0
     -1.5673 1 0 0
     -1.5687 1 0 0
    -1.57005 1 0 0
    -1.57133 1 0 0
    -1.57228 1 0 0
    -1.57043 1 0 0
    -1.57204 1 0 0
    -1.57517 1 0 0
    -1.57285 1 0 0
    -1.57523 1 0 0
     -1.5755 1 0 0
    -1.57636 1 0 0
    -1.57675 1 0 0
     -1.5783 1 0 0
    -1.57923 1 0 1
    -1.58018 1 0 0
    -1.58188 1 0 0
       -1.58 1 0 0
    -1.58027 1 0 0
    -1.58215 1 0 0
    -1.58194 1 0 0
    -1.58384 1 0 0
    -1.58659 1 0 0
     -1.5845 1 0 0
    -1.58381 1 0 0
    -1.58611 1 0 0
     -1.5876 1 0 0
    -1.58638 1 0 0
    -1.58823 1 0 0
    -1.58805 1 0 0
    -1.58876 1 0 0
     -1.5887 1 0 0
    -1.58727 1 0 0
    -1.58885 1 0 0
    -1.59088 1 0 0
     -1.5884 1 0 0
    -1.59052 1 0 0
    -1.59445 1 0 0
    -1.59076 1 0 0
    -1.59246 1 0 0
    -1.59541 1 0 0
    -1.59451 1 0 0
    -1.59329 1 0 0
    -1.59448 1 0 0
    -1.59502 1 0 0
    -1.59472 1 0 0
    -1.59568 1 0 0
    -1.59481 1 0 0
    -1.59827 1 0 0
    -1.59845 1 0 0
    -1.59842 1 0 0
    -1.60155 1 0 0
    -1.60086 1 0 0
    -1.59985 1 0 0
    -1.60113 1 0 0
    -1.60041 1 0 0
    -1.60047 1 0 0
    -1.60325 1 0 0
    -1.60059 1 0 0
    -1.59928 1 0 0
    -1.60351 1 0 0
    -1.60423 1 0 0
     -1.6039 1 0 0
    -1.60441 1 0 0
    -1.60334 1 0 0
    -1.60411 1 0 0
    -1.60313 1 0 0
     -1.6048 1 0 0
    -1.60524 1 0 0
    -1.60491 1 0 0
    -1.60599 1 0 0
    -1.60715 1 0 0
    -1.60691 1 0 0
    -1.60873 1 0 0
    -1.60637 1 0 1
    -1.60775 1 0 0
    -1.60831 1 0 0
    -1.60789 1 0 0
    -1.60637 1 0 0
    -1.60822 1 0 0
    -1.60572 1 0 0
    -1.60798 1 0 0
    -1.61177 1 0 0
     -1.6121 1 0 0
    -1.61237 1 0 0
    -1.61183 1 0 0
    -1.61043 1 0 0
    -1.61231 1 0 0
    -1.61183 1 0 0
     -1.6107 1 0 0
    -1.61156 1 0 0
    -1.61183 1 0 0
     -1.6152 1 0 0
     -1.6157 1 0 0
    -1.61332 1 0 0
    -1.61386 1 0 0
    -1.61633 1 0 0
     -1.6135 1 0 0
    -1.61523 1 0 0
    -1.61597 1 0 0
    -1.61523 1 0 0
    -1.61487 1 0 0
     -1.6177 1 0 0
    -1.61636 1 0 0
     -1.6171 1 0 0
    -1.61505 1 0 0
    -1.61636 1 0 0
    -1.61672 1 0 0
    -1.61645 1 0 0
    -1.61612 1 0 0
    -1.61606 1 0 0
    -1.61675 1 0 0
    -1.61988 1 0 0
    -1.61731 1 0 0
    -1.61949 1 0 0
    -1.62005 1 0 0
    -1.61833 1 0 0
    -1.62137 1 0 0
    -1.62092 1 0 0
     -1.6188 1 0 0
    -1.62086 1 0 0
    -1.62268 1 0 0
    -1.61976 1 0 0
    -1.62134 1 0 0
    -1.62023 1 0 0
    -1.62011 1 0 0
    -1.62166 1 0 0
    -1.62292 1 0 0
    -1.61982 1 0 0
    -1.62134 1 0 0
    -1.62303 1 0 0
    -1.62372 1 0 0
     -1.6281 1 0 0
    -1.61901 1 0 1
    -1.62435 1 0 0
    -1.62196 1 0 0
    -1.62494 1 0 0
    -1.62172 1 0 0
      -1.623 1 0 0
    -1.62387 1 0 0
    -1.62277 1 0 0
    -1.62578 1 0 0
    -1.62524 1 0 0
    -1.62458 1 0 0
    -1.62569 1 0 0
    -1.62554 1 0 0
    -1.62339 1 0 0
     -1.6225 1 0 0
    -1.62005 1 0 0
    -1.61991 1 0 0
    -1.61678 1 0 0
    -1.61535 1 0 0
    -1.61293 1 0 0
    -1.60998 1 0 0
     -1.6087 1 0 0
    -1.60617 1 0 0
    -1.60232 1 0 0
    -1.60202 1 0 0
    -1.59928 1 0 0
    -1.59779 1 0 0
    -1.59723 1 0 0
    -1.59508 1 0 0
    -1.59681 1 0 0
    -1.59332 1 0 0
     -1.5904 1 0 0
    -1.58951 1 0 0
    -1.59076 1 0 0
    -1.58739 1 0 0
    -1.58691 1 0 0
    -1.58834 1 0 0
    -1.58447 1 0 0
    -1.58578 1 0 0
     -1.5873 1 0 0
    -1.58525 1 0 0
    -1.58474 1 0 0
    -1.58513 1 0 0
    -1.58229 1 0 0
    -1.58188 1 0 0
    -1.58161 1 0 0
    -1.57982 1 0 0
    -1.58083 1 0 0
    -1.58194 1 0 0
    -1.57863 1 0 0
    -1.57976 1 0 0
    -1.58161 1 0 0
    -1.57773 1 0 0
     -1.5794 1 0 0
    -1.57961 1 0 0
    -1.57776 1 0 0
    -1.57782 1 0 0
    -1.57797 1 0 0
    -1.57571 1 0 0
     -1.5772 1 0 0
    -1.57544 1 0 1
    -1.57386 1 0 0
    -1.57458 1 0 0
    -1.57696 1 0 0
    -1.57556 1 0 0
    -1.57347 1 0 0
    -1.57312 1 0 0
    -1.57252 1 0 0
    -1.57475 1 0 0
    -1.57636 1 0 0
    -1.57586 1 0 0
    -1.57669 1 0 0
     -1.5794 1 0 0
    -1.58021 1 0 0
    -1.58295 1 0 0
    -1.58682 1 0 0
    -1.58703 1 0 0
    -1.59064 1 0 0
    -1.59559 1 0 0
    -1.59308 1 0 0
     -1.5952 1 0 0
    -1.59785 1 0 0
    -1.59934 1 0 0
    -1.59928 1 0 0
    -1.60232 1 0 0
    -1.60107 1 0 0
    -1.60438 1 0 0
    -1.60527 1 0 0
    -1.60703 1 0 0
    -1.60509 1 0 0
    -1.60688 1 0 0
     -1.6081 1 0 0
    -1.60933 1 0 0
    -1.60944 1 0 0
    -1.61082 1 0 0
    -1.61254 1 0 0
    -1.61248 1 0 0
    -1.61389 1 0 0
    -1.61579 1 0 0
    -1.61779 1 0 0
    -1.61463 1 0 0
    -1.61529 1 0 0
    -1.61716 1 0 0
    -1.61615 1 0 0
    -1.61555 1 0 0
    -1.61734 1 0 0
     -1.6174 1 0 0
      -1.618 1 0 0
    -1.61844 1 0 0
     -1.6169 1 0 0
    -1.61952 1 0 0
    -1.62023 1 0 0
    -1.61719 1 0 0
    -1.61952 1 0 0
    -1.62032 1 0 0
    -1.61898 1 0 0
    -1.62065 1 0 0
    -1.62008 1 0 0
    -1.61973 1 0 0
    -1.62107 1 0 0
    -1.62065 1 0 1
    -1.62262 1 0 0
    -1.62297 1 0 0
    -1.62205 1 0 0
    -1.62429 1 0 0
     -1.6239 1 0 0
    -1.62333 1 0 0
    -1.62429 1 0 0
    -1.62318 1 0 0
    -1.62494 1 0 0
    -1.62587 1 0 0
    -1.62387 1 0 0
    -1.62381 1 0 0
    -1.62581 1 0 0
    -1.62303 1 0 0
    -1.62506 1 0 0
    -1.62563 1 0 0
     -1.6267 1 0 0
    -1.62688 1 0 0
    -1.62688 1 0 0
    -1.62783 1 0 0
    -1.62658 1 0 0
    -1.62882 1 0 0
    -1.62911 1 0 0
    -1.62825 1 0 0
    -1.62882 1 0 0
    -1.62649 1 0 0
    -1.62756 1 0 0
    -1.62864 1 0 0
    -1.62911 1 0 0
    -1.62798 1 0 0
    -1.62953 1 0 0
    -1.62968 1 0 0
    -1.63078 1 0 0
    -1.62879 1 0 0
    -1.63013 1 0 0
     -1.6298 1 0 0
    -1.62917 1 0 0
    -1.62977 1 0 0
    -1.63081 1 0 0
    -1.62968 1 0 0
    -1.63069 1 0 0
    -1.63186 1 0 0
    -1.63242 1 0 0
    -1.63123 1 0 0
    -1.63227 1 0 0
    -1.63081 1 0 0
     -1.6326 1 0 0
    -1.63391 1 0 0
    -1.63513 1 0 0
    -1.63254 1 0 0
    -1.63388 1 0 0
    -1.63257 1 0 0
    -1.63221 1 0 0
    -1.63388 1 0 0
    -1.63156 1 0 0
    -1.63272 1 0 0
    -1.63355 1 0 0
    -1.63135 1 0 0
    -1.63352 1 0 0
    -1.63502 1 0 1
    -1.63433 1 0 0
    -1.63472 1 0 0
    -1.63418 1 0 0
    -1.63352 1 0 0
    -1.63615 1 0 0
    -1.63502 1 0 0
    -1.63567 1 0 0
    -1.63513 1 0 0
     -1.6363 1 0 0
    -1.63481 1 0 0
    -1.63528 1 0 0
    -1.63603 1 0 0
    -1.63561 1 0 0
    -1.63537 1 0 0
    -1.63582 1 0 0
     -1.6346 1 0 0
    -1.63552 1 0 0
    -1.63552 1 0 0
    -1.63507 1 0 0
    -1.63493 1 0 0
    -1.63552 1 0 0
    -1.63567 1 0 0
    -1.63624 1 0 0
    -1.63621 1 0 0
    -1.63391 1 0 0
     -1.6368 1 0 0
    -1.63725 1 0 0
    -1.63791 1 0 0
    -1.63805 1 0 0
    -1.63823 1 0 0
    -1.63853 1 0 0
    -1.63752 1 0 0
    -1.63841 1 0 0
    -1.63749 1 0 0
    -1.63898 1 0 0
    -1.63886 1 0 0
     -1.6382 1 0 0
    -1.63925 1 0 0
    -1.63868 1 0 0
    -1.63728 1 0 0
    -1.63794 1 0 0
    -1.63922 1 0 0
    -1.63695 1 0 0
    -1.63716 1 0 0
    -1.63928 1 0 0
    -1.63954 1 0 0
     -1.6385 1 0 0
    -1.63907 1 0 0
    -1.63537 1 0 0
     -1.6394 1 0 0
     -1.6377 1 0 0
     -1.6371 1 1 0
    -1.63886 1 0 0
    -1.63811 1 0 0
    -1.63752 1 0 0
    -1.63963 1 0 0
     -1.6394 1 0 0
    -1.64092 1 0 0
    -1.64184 1 0 0
    -1.64106 0 0 1
    -1.63883 0 0 0
    -1.63668 0 0 0
     -1.6354 0 0 0
    -1.63484 0 0 0
    -1.63427 0 0 0
    -1.63394 0 0 0
    -1.62634 0 0 0
    -1.59401 0 0 0
    -1.58364 0 0 0
    -1.58224 0 0 0
    -1.58134 0 0 0
    -1.57756 0 0 0
    -1.57183 0 0 0
    -1.56841 0 0 0
    -1.56322 0 0 0
    -1.55455 0 0 0
    -1.54933 0 0 0
    -1.54373 0 0 0
    -1.53661 0 0 0
    -1.52922 0 0 0
    -1.52552 0 0 0
    -1.51703 0 0 0
    -1.50934 0 0 0
    -1.50588 0 0 0
    -1.50159 0 0 0
    -1.49554 0 0 0
    -1.49193 0 0 0
    -1.48779 0 0 0
    -1.48383 0 0 0
    -1.47969 0 0 0
    -1.47533 0 0 0
    -1.47057 0 0 0
    -1.46869 0 0 0
    -1.46356 0 0 0
    -1.45802 0 0 0
    -1.45856 0 0 0
    -1.45611 0 0 0
    -1.45158 0 0 0
    -1.44988 0 0 0
    -1.44681 0 0 0
    -1.44246 0 0 0
     -1.4396 0 0 0
    -1.43769 0 0 0
    -1.43361 0 0 0
    -1.43236 0 0 0
     -1.4278 0 0 0
    -1.42446 0 0 0
    -1.42136 0 0 0
    -1.42002 0 0 0
    -1.41451 0 0 0
    -1.41412 0 0 0
    -1.41445 0 0 0
    -1.40738 0 0 0
    -1.40592 0 0 0
    -1.40351 0 0 0
    -1.39937 0 0 0
    -1.39686 0 0 0
    -1.39603 0 0 0
    -1.39144 0 0 0
    -1.38727 0 0 1
    -1.38694 0 0 0
    -1.38456 0 0 0
    -1.38018 0 0 0
    -1.37872 0 0 0
     -1.3772 0 0 0
    -1.37261 0 0 0
    -1.37186 0 0 0
    -1.37007 0 0 0
    -1.37013 0 0 0
    -1.36727 0 0 0
    -1.36608 0 0 0
    -1.36599 0 0 0
    -1.36957 0 0 0
    -1.37007 0 0 0
    -1.37141 0 0 0
    -1.37419 0 0 0
    -1.37386 0 0 0
    -1.37496 0 0 0
    -1.37657 0 0 0
    -1.37779 0 0 0
    -1.37889 0 0 0
    -1.37916 0 0 0
    -1.37678 0 0 0
    -1.37731 0 0 0
    -1.37812 0 0 0
    -1.37606 0 0 0
    -1.37618 0 0 0
    -1.37633 0 0 0
    -1.37472 0 0 0
